# callgrind format
version: 1
creator: callgrind-3.22.0
pid: 243142
cmd:  ./a.out
part: 1


desc: I1 cache: 
desc: D1 cache: 
desc: LL cache: 

desc: Timerange: Basic block 0 - 5045047154
desc: Trigger: Program termination

positions: line
events: Ir
summary: 70281133974


ob=(4) /usr/libexec/valgrind/vgpreload_core-amd64-linux.so
fl=(156) ???
fn=(750) 0x0000000000001060
0 5

fn=(504) 0x0000000000001110
0 12

fn=(740) 0x00000000000010d0
0 9
cob=(3) ???
cfi=(153) ???
cfn=(746) 0x000000000483d030
calls=1 0 
0 80
0 1
cfn=(750)
calls=1 0 
0 5
0 3

ob=(1) /usr/lib/x86_64-linux-gnu/ld-linux-x86-64.so.2
fl=(11) ./elf/./elf/dl-tunables.c
fn=(58) __GI___tunable_set_val
153 15
-81 40
+81 15
-81 10
+10 5
fi=(222) ./elf/./dl-tunable-types.h
+2 5
fe=(11)
+9 40
+1 25
fi=(12) ./elf/./elf/dl-tunables.h
+47 10
fe=(11)
-26 25
+1 5
+1 5
+1 5
+39 15
fi=(12)
-15 10
fe=(11)
-45 10
+3 5
fi=(12)
+51 5
fe=(11)
-51 5
+4 10
+7 10
+1 10
-12 25

fn=(28) __tunable_get_val
387 36
+3 72
-3 36
+3 288
+9 33
-9 66
+19 22
+7 216
+2 36
-19 14
+1 14
+9 6

fn=(22) __GI___tunables_init
261 8
+22 1
-22 1
128 1
283 1
-22 1
+6 4
42 345
+6 68
-3 68
+3 6645
+4 136
+4 136
fi=(12)
160 68
fe=(11)
56 136
fi=(12)
161 32
-1 164
+1 236
-1 136
fe=(11)
281 11152
+6 20196
fi=(12)
160 680
+1 1360
-1 59
+1 236
-1 295
fe=(11)
304 8

fl=(48) ./elf/./elf/dl-audit.c
fn=(542) _dl_audit_preinit
118 1
+1 4

fn=(738) _dl_audit_objclose
97 4
+1 16

fn=(152) _dl_audit_activity_map
29 2
+2 1
-2 5
+1 1
+1 2
+6 6

fn=(198) _dl_audit_objopen
77 2
+1 8

fn=(482) _dl_audit_activity_nsid
41 3
+4 12
+1 3
+1 15

fl=(52) ./elf/./elf/dl-misc.c
fn=(216) _dl_sysdep_read_whole_file
36 2
+3 1
-3 7
+3 1
-3 2
+3 1
cfi=(53) ./io/../sysdeps/unix/sysv/linux/open64_nocancel.c
cfn=(172) __open_nocancel
calls=1 -11 
* 20
+1 2
+23 8
-21 4
cfi=(55) ./io/../sysdeps/unix/sysv/linux/fstat64.c
cfn=(178) fstat
calls=1 -12 
* 6
* 2
+2 2
+3 2
+13 2
cfi=(62) ./io/../sysdeps/unix/sysv/linux/close_nocancel.c
cfn=(194) __GI___close_nocancel
calls=1 -35 
* 6
* 1
-11 6
cfi=(57) ./misc/../sysdeps/unix/sysv/linux/mmap64.c
cfn=(182) mmap
calls=1 -2 
* 26
* 2

fn=(168) _dl_name_match_p
68 98
+1 28
cfi=(32) ./string/../sysdeps/x86_64/multiarch/../multiarch/strcmp-sse2.S
cfn=(94) strcmp
calls=14 +29 
* 550
* 28
+3 14
+2 28
+6 15
-6 30
+1 54
cfi=(32)
cfn=(94)
calls=18 +23 
* 750
* 36
+8 3
-13 3
+13 20
-1 11
+1 33

fl=(77) ./elf/./elf/dl-reloc.c
fn=(262) _dl_relocate_object
207 55
+1 10
+12 4
+4 16
-4 4
+6 12
+3 4
-1 4
+1 8
+22 20
+4 4
+7 6
fi=(6) ./elf/../sysdeps/x86_64/dl-machine.h
81 8
fi=(4) ./elf/../sysdeps/generic/ldsodefs.h
-2 4
fe=(77)
301 8
fi=(4)
79 8
fe=(77)
301 9833
fi=(4)
79 1
fe=(77)
301 1
fi=(4)
79 2
fe=(77)
301 154
-80 8
fi=(6)
393 8
fe=(77)
190 4
+31 4
-31 4
fi=(6)
393 12
fi=(5) ./elf/./elf/do-rel.h
49 4
fe=(77)
301 4
fi=(5)
50 4
+30 4
-31 8
+4 4
-3 4
+3 4
-3 4
+3 12
+27 8
-31 4
fe=(77)
301 4
fi=(5)
50 4
+30 4
-31 8
+4 4
-3 4
+3 4
-3 4
+3 12
+27 8
fe=(77)
301 24
fi=(5)
51 4
fi=(4)
+28 20
fi=(6)
730 8
+4 6
fe=(77)
304 20
+24 4
+3 8
+17 12
+2 40
-98 8
+3 4
+7 2
-9 2
+9 4
fi=(6)
81 4
fi=(5)
+33 24
+9 14
+1 2
fi=(6)
498 2
fi=(5)
124 2
fi=(6)
498 4
fi=(5)
124 4
fi=(6)
498 4
fi=(5)
124 4
fi=(6)
498 8
+5 12
+1 6
fi=(5)
123 6
fi=(6)
504 6
-5 6
fi=(5)
123 12
+3 24
+3 24
+2 21
fe=(77)
+59 6
fi=(5)
73 3
fe=(77)
190 3
fi=(5)
72 3
fe=(77)
190 27
fi=(5)
-57 6
+1 3
+1 3
-2 3
+2 3
+3 3
-5 3
+2 3
-2 3
+1 6
+2 3
-2 3
+2 9
+2 6
-5 316
+1 158
+1 158
-2 158
+2 158
+3 158
-5 158
+2 158
-2 158
+1 316
+2 158
-2 158
+2 474
+2 316
+9 114
fi=(6)
267 228
+7 228
+4 228
fe=(77)
170 456
fi=(4)
-30 297
fe=(77)
+31 198
+3 198
+8 184
-8 822
+12 182
-3 91
+1 91
+2 366
-3 1
+1 1
+2 96
+1 92
-1 92
+2 184
-1 368
+3 552
cfi=(78) ./elf/./elf/dl-lookup.c
cfn=(270) _dl_lookup_symbol_x
calls=92 772 
* 50672
+3 92
+1 184
-4 92
+4 460
fi=(6)
+93 393
+3 96
-3 303
+3 111
-3 111
+5 222
+25 684
423 24
fi=(5)
150 24
fi=(6)
423 180
fi=(5)
150 302
-19 653
+33 12
+1 64
+1 189
+3 94
+4 47
-1 47
-3 47
+2 94
+2 47
-2 94
fe=(77)
-1 188
fi=(6)
287 47
+3 47
-3 47
+4 94
476 94
+2 47
cfi=(15) ./elf/../sysdeps/x86/dl-get-cpu-features.c
cfn=(462) __x86_cpu_features
calls=1 71 
* 6
cob=(2) /usr/lib/x86_64-linux-gnu/libc.so.6
cfi=(139) ./string/../sysdeps/x86_64/multiarch/strncase.c
cfn=(432) strncasecmp
calls=1 31 
* 21
cob=(2)
cfi=(138) ./string/../sysdeps/x86_64/multiarch/mempcpy.c
cfn=(428) mempcpy
calls=1 33 
* 22
cob=(2)
cfi=(137) ./wcsmbs/../sysdeps/x86_64/multiarch/wcpcpy.c
cfn=(424) wcpncpy
calls=1 31 
* 18
cob=(2)
cfi=(136) ./string/../sysdeps/x86_64/multiarch/strspn.c
cfn=(422) strspn
calls=1 29 
* 7
cob=(2)
cfi=(134) ./string/../sysdeps/x86_64/multiarch/memchr.c
cfn=(418) memchr
calls=1 29 
* 23
cob=(2)
cfi=(133) ./string/../sysdeps/x86_64/multiarch/memmove.c
cfn=(414) memmove
calls=1 29 
* 22
cob=(2)
cfi=(132) ./string/../sysdeps/x86_64/multiarch/stpcpy.c
cfn=(410) stpcpy
calls=1 33 
* 17
cob=(2)
cfi=(131) ./debug/../sysdeps/x86_64/multiarch/memmove_chk.c
cfn=(406) __memmove_chk
calls=1 29 
* 22
cob=(2)
cfi=(129) ./wcsmbs/../sysdeps/x86_64/multiarch/wmemcmp.c
cfn=(402) wmemcmp
calls=1 29 
* 24
cob=(2)
cfi=(128) ./string/../sysdeps/x86_64/multiarch/strncpy.c
cfn=(398) strncpy
calls=1 29 
* 19
cob=(2)
cfi=(127) ./string/../sysdeps/x86_64/multiarch/strlen.c
cfn=(394) strlen
calls=1 29 
* 25
cob=(2)
cfi=(100) ./wcsmbs/../sysdeps/x86_64/multiarch/wcscat.c
cfn=(390) wcscat
calls=1 31 
* 18
cob=(2)
cfi=(126) ./string/../sysdeps/x86_64/multiarch/strcasecmp_l.c
cfn=(386) strcasecmp_l
calls=1 31 
* 21
cob=(2)
cfi=(125) ./string/../sysdeps/x86_64/multiarch/strcpy.c
cfn=(382) strcpy
calls=1 29 
* 17
cob=(2)
cfi=(123) ./wcsmbs/../sysdeps/x86_64/multiarch/wmemset.c
cfn=(378) wmemset
calls=2 31 
* 20
cob=(2)
cfi=(121) ./string/../sysdeps/x86_64/multiarch/memcmp.c
cfn=(374) bcmp
calls=1 29 
* 24
cob=(2)
cfi=(120) ./string/../sysdeps/x86_64/multiarch/strchrnul.c
cfn=(370) strchrnul
calls=1 31 
* 25
cob=(2)
cfi=(119) ./string/../sysdeps/x86_64/multiarch/strncase_l.c
cfn=(366) strncasecmp_l
calls=1 31 
* 21
cob=(2)
cfi=(117) ./string/../sysdeps/x86_64/multiarch/strcat.c
cfn=(362) strcat
calls=1 29 
* 17
cob=(2)
cfi=(116) ./wcsmbs/../sysdeps/x86_64/multiarch/wcscpy.c
cfn=(360) wcscpy
calls=1 60 
* 16
cob=(2)
cfi=(115) ./string/../sysdeps/x86_64/multiarch/strcspn.c
cfn=(358) strcspn
calls=1 29 
* 7
cob=(2)
cfi=(113) ./string/../sysdeps/x86_64/multiarch/strcasecmp.c
cfn=(354) strcasecmp
calls=1 31 
* 21
cob=(2)
cfi=(112) ./string/../sysdeps/x86_64/multiarch/strncmp.c
cfn=(352) strncmp
calls=1 67 
* 21
cob=(2)
cfi=(110) ./wcsmbs/../sysdeps/x86_64/multiarch/wmemchr.c
cfn=(348) wmemchr
calls=2 31 
* 46
cob=(2)
cfi=(108) ./string/../sysdeps/x86_64/multiarch/stpncpy.c
cfn=(344) stpncpy
calls=1 31 
* 19
cob=(2)
cfi=(107) ./wcsmbs/../sysdeps/x86_64/multiarch/wcscmp.c
cfn=(340) wcscmp
calls=1 30 
* 25
cob=(2)
cfi=(106) ./string/../sysdeps/x86_64/multiarch/strrchr.c
cfn=(336) rindex
calls=1 28 
* 25
cob=(2)
cfi=(104) ./debug/../sysdeps/x86_64/multiarch/memset_chk.c
cfn=(332) __memset_chk
calls=1 29 
* 24
cob=(2)
cfi=(103) ./string/../sysdeps/x86_64/multiarch/strchr.c
cfn=(330) index
calls=1 65 
* 19
cob=(2)
cfi=(100)
cfn=(324) wcschr
calls=2 31 
* 50
cob=(2)
cfi=(98) ./string/../sysdeps/x86_64/multiarch/memcmpeq.c
cfn=(320) memcpy@@GLIBC_2.14
calls=1 29 
* 22
cob=(2)
cfi=(96) ./wcsmbs/../sysdeps/x86_64/multiarch/wcsncpy.c
cfn=(316) wcsncpy
calls=1 31 
* 18
cob=(2)
cfi=(95) ./string/../sysdeps/x86_64/multiarch/memrchr.c
cfn=(312) memrchr
calls=1 29 
* 25
cob=(2)
cfi=(94) ./debug/../sysdeps/x86_64/multiarch/memcpy_chk.c
cfn=(308) __memcpy_chk
calls=1 29 
* 22
cob=(2)
cfi=(92) ./debug/../sysdeps/x86_64/multiarch/mempcpy_chk.c
cfn=(304) __mempcpy_chk
calls=1 29 
* 22
cob=(2)
cfi=(91) ./wcsmbs/../sysdeps/x86_64/multiarch/wcslen.c
cfn=(300) wcslen
calls=1 29 
* 19
cob=(2)
cfi=(89) ./string/../sysdeps/x86_64/multiarch/memset.c
cfn=(296) memset
calls=1 29 
* 24
cob=(2)
cfi=(87) ./wcsmbs/../sysdeps/x86_64/multiarch/wcsnlen.c
cfn=(292) wcsnlen
calls=1 30 
* 19
cob=(2)
cfi=(86) ./string/../sysdeps/x86_64/multiarch/strcmp.c
cfn=(290) strcmp
calls=1 79 
* 19
cob=(2)
cfi=(85) ./string/../sysdeps/x86_64/multiarch/strpbrk.c
cfn=(288) strpbrk
calls=1 29 
* 7
cob=(2)
cfi=(83) ./string/../sysdeps/x86_64/multiarch/strnlen.c
cfn=(284) strnlen
calls=2 31 
* 50
cob=(2)
cfi=(81) ./string/../sysdeps/x86/cacheinfo.c
cfn=(280) __x86_cacheinfo
calls=1 86 
* 28
fi=(5)
165 47
fi=(6)
479 47
fi=(5)
165 100
-14 66
fi=(6)
400 48
+2 64
+4 16
+9 16
-9 32
+9 16
fi=(5)
150 32
fi=(6)
320 22
+3 22
-36 75
fi=(5)
141 47
+1 47
-1 141
+2 47
fi=(6)
287 235
fe=(77)
175 63
+3 7
-1 7
+19 7
-18 14
356 20
+3 4
-3 4
+3 4
+4 8
+1 16
cfi=(140) ./misc/../sysdeps/unix/syscall-template.S
cfn=(436) mprotect
calls=4 117 
* 24
* 8
-63 6
fi=(5)
180 7
fe=(77)
+10 2
fi=(5)
73 1
fe=(77)
190 3
fi=(6)
436 7
fi=(5)
182 2
+1 2
-1 1
+3 1
-3 4
+3 2
-3 10
+1 10
-1 5
+3 5
-3 20
+3 10
+8 6
fi=(6)
+74 12
+7 12
+4 12
fe=(77)
170 24
fi=(4)
-30 18
fe=(77)
+31 12
+3 12
+8 12
-8 54
+12 12
-3 6
+1 6
+2 36
+4 24
-4 6
+4 18
cfi=(78)
cfn=(270)
calls=6 772 
* 2969
+3 6
+1 12
-4 6
+4 30
fi=(6)
+93 20
+3 2
-3 6
+3 2
-3 2
+5 4
+25 36
423 6
fi=(5)
196 18
-16 24
+31 7
fe=(77)
-33 7
-3 21

fl=(141) ./elf/./elf/dl-find_object.c
fn=(446) _dlfo_process_initial
474 2
+3 2
-3 6
+1 2
+3 4
+26 14
+1 6
+1 8
-1 16
+3 28
+3 24
-7 10
+27 2
-2 2
+2 6
-18 18
+3 6
-1 6
cfi=(142) ./elf/./dl-find_object.h
cfn=(444) _dl_find_object_from_map
calls=3 95 
* 189
+2 12

fn=(448) _dlfo_sort_mappings
536 1
+1 2
+3 4
+4 1
+1 1
-1 1
+1 2
-1 1
+1 1
-1 1
+1 6
+1 15
+3 2
-1 2
-3 9
+8 6
+1 4
-1 2
-13 4
+14 6
+1 4
-15 4
+17 1

fn=(442) _dl_find_object_init
561 2
+3 1
-3 3
+5 2
+13 1
cfn=(446)
calls=1 474 
* 81
+1 1
-1 1
+1 1
fi=(28) ./elf/../include/rtld-malloc.h
56 1
cfi=(27) ./elf/./elf/dl-minimal-malloc.c
cfn=(78) __minimal_malloc
calls=1 -20 
* 30
fe=(141)
580 1
fi=(28)
56 1
fe=(141)
582 2
+3 2
+5 1
+1 1
cfn=(446)
calls=1 474 
* 282
+3 3
+10 4
-37 2
cfi=(142)
cfn=(444)
calls=1 95 
* 68
* 1
+29 2
cfn=(448)
calls=1 -60 
* 80
+3 6
+2 1

fl=(46) ./elf/../elf/dl-tls.c
fn=(252) _dl_allocate_tls_storage
417 7
+2 1
+11 1
+1 1
fi=(28)
56 1
cfi=(27)
cfn=(78)
calls=1 -20 
* 85
fe=(46)
432 2
+8 3
fi=(28)
44 1
fe=(46)
440 2
+5 1
-5 1
+1 1
+4 304
+19 1
-99 1
+4 1
+1 1
fi=(28)
44 1
cfi=(27)
cfn=(74) __minimal_calloc
calls=1 +36 
* 41
fe=(46)
371 2
+3 1
+6 2
+90 7

fn=(248) _dl_tls_static_surplus_init
97 2
+3 1
-3 3
+3 1
-3 1
+3 1
-3 1
+3 1
-3 1
+3 1
cfi=(11)
cfn=(28)
calls=1 387 
* 23
* 1
+1 4
cfi=(11)
cfn=(28)
calls=1 387 
* 23
+1 1
+2 1
-3 1
+1 2
+2 3
+3 1
+2 1
-26 3
+28 3
+1 6

fn=(440) _dl_allocate_tls_init
523 11
+1 2
+4 1
+6 1
-6 1
+6 1
cfi=(24) ./elf/../sysdeps/nptl/dl-tls_init_tp.c
cfn=(86) rtld_mutex_dummy
calls=1 42 
* 3
+3 3
+12 1
-18 1
+42 3
-19 12
+9 3
+1 2
+6 3
+3 1
-2 1
+2 1
-2 1
+2 4
+4 1
-4 1
+4 1
-1 2
+4 2
+1 4
+2 2
+1 2
+17 1
-8 1
+8 1
+2 4
cfi=(29) ./string/../sysdeps/x86_64/multiarch/memmove-vec-unaligned-erms.S
cfn=(126) mempcpy
calls=1 197 
* 13
* 6
cfi=(43) ./string/../sysdeps/x86_64/multiarch/../multiarch/memset-vec-unaligned-erms.S
cfn=(130) memset
calls=1 132 
* 25
-49 1
+55 1
-55 4
+6 5
+55 2
cfi=(24)
cfn=(86)
calls=1 42 
* 3
+3 2
+3 9

fn=(438) _dl_add_to_slotinfo
1017 8
+9 1
-9 1
+6 1
+4 1
+4 3
+34 2
+3 2
+1 3
+3 6

fn=(146) _dl_count_modids
192 1
+2 2
+1 1
+15 2

fn=(250) _dl_determine_tlsoffset
216 9
+6 4
+3 2
+36 3
+2 1
-2 1
-2 1
-40 1
-1 1
-1 1
+46 2
+23 3
+3 1
-3 5
+2 2
+6 1
-33 2
+20 1
-20 5
+2 2
+3 1
-1 1
+5 2
-5 1
+1 1
-1 1
+3 2
+2 3
+32 2
-1 1
+53 1
-52 5
+2 2
+51 8

fn=(226) _dl_assign_tls_modid
125 1
+16 1
-13 1
-3 3
+3 1
+55 1
-2 1
+5 1
+1 2

fl=(142)
fn=(444)
95 8
+1 8
+1 4
+6 20
+1 119
+1 82
+2 12
+5 4

fl=(43)
fn=(130)
132 7
+1 35
+5 7
+1 7
+3 2
+1 2
244 2
+1 2
+12 2
+3 2
+1 2
+12 2
+1 2
+13 2
+1 2
+2 2
+3 1
+3 2
+3 1
+1 1
+1 1
+1 1
+1 1
+1 1
+1 1
-6 34
+1 34
+1 34
+1 34
+1 34
+1 34
+1 34
+3 2
+1 2
+1 2
+1 2
+5 2
+34 5
+2 5
+1 5
+39 5
+1 5
+2 5

fl=(146) ./elf/./elf/dl-lookup-direct.c
fn=(460) _dl_lookup_direct
74 30
+2 3
-2 6
+4 3
-4 3
+2 3
+2 9
+37 3
-37 9
+1 6
+2 12
+3 25
+2 6
-54 3
+54 3
-54 3
+54 3
-54 9
+1 9
+2 6
+1 6
+12 9
+3 3
+2 6
-2 3
+2 9
cfi=(32)
cfn=(94)
calls=3 +45 
* 209
* 6
+4 6
+1 3
-1 3
+1 18
+1 9
cfi=(32)
cfn=(94)
calls=3 +39 
* 198
* 6
+57 27
-23 6

fl=(53)
fn=(172)
28 24
+3 12
-3 24
+3 72
+8 84
+2 6
-2 27
+2 18

fl=(29)
fn=(82) memcpy
210 17
+1 17
+6 17
+1 17
+2 12
+1 12
+1 12
+2 7
+1 7
+1 7
+2 7
+80 5
+1 5
+2 1
+4 1
+1 1
+1 1
+1 1
+1 1
+4 1
+2 1
+39 4
+1 4
+1 4
+1 4
+1 4
+7 5
+1 5
+1 5
+1 5
+1 5
+1 5
+1 5
+11 5
+1 5
+2 5
+1 5
+1 5

fn=(126)
197 29
+1 29
+1 29
+1 29
+17 29
+1 29
+2 11
+1 11
+1 11
+2 8
+1 8
+1 8
+2 8
+80 18
+1 18
+2 5
+4 5
+1 5
+1 5
+8 5
+39 13
+1 13
+1 13
+1 13
+1 13
+7 3
+1 3
+1 3
+1 3
+1 3
+1 3
+1 3
+11 3
+1 3
+2 3
+1 3
+1 3

fl=(50) ./elf/./elf/dl-catch.c
fn=(236) _dl_receive_error
186 2
58 1
186 4
+2 1
-2 1
58 1
+1 1
+11 1
192 1
+2 1
cfi=(2) ./elf/./elf/rtld.c
cfn=(238) version_check_doit
calls=1 674 
* 3690
69 2
+1 1
198 1
-1 1
+1 3

fn=(160) _dl_catch_exception
204 18
58 3
204 6
+3 6
+22 3
-1 3
+1 3
58 6
235 9
cfi=(51) ./setjmp/../sysdeps/x86_64/setjmp.S
cfn=(162) __sigsetjmp
calls=3 31 
* 72
* 9
+2 9
cfi=(64) ./elf/./elf/dl-deps.c
cfn=(206) openaux
calls=2 61 
* 6723
cfi=(2)
cfn=(164) map_doit
calls=1 641 
* 2662
69 3
+1 3
-1 3
+1 3
239 12
-25 3
+34 9
59 6
+11 9

fn=(158) _dl_catch_error
254 6
+2 1
-2 6
+2 1
cfn=(160)
calls=1 -52 
* 2728
+1 2
+1 1
+1 1
-1 1
+1 1
+2 6

fl=(78)
fn=(270)
772 612
+3 102
-3 306
+3 102
-3 408
fi=(79) ./elf/../sysdeps/generic/dl-new-hash.h
74 102
+3 204
-8 102
+1 204
+10 102
+1 204
-1 652
+1 1304
+20 705
-2 705
+6 705
-3 1410
+2 705
-30 705
+3 1410
fe=(78)
774 102
+1 102
+3 102
-4 102
+1 102
+7 390
+5 102
-2 102
+2 102
-2 102
+6 1463
+1 1428
cfn=(274) do_lookup_x
calls=102 347 
* 36532
* 306
+28 102
-23 306
+23 102
-23 204
+24 554
+7 95
-7 95
+35 380
+34 380
-20 285
+3 190
-57 102
+76 918
fi=(79)
87 49
+1 49
+1 98
+1 49
fe=(78)
871 2
-72 42
+18 21
+11 28

fn=(276) check_match
70 1455
+3 578
+13 95
-13 95
+13 95
-13 95
+13 285
+3 322
cfi=(32)
cfn=(94)
calls=33 +9 
* 1899
* 66
+4 95
+1 190
+2 186
+19 186
+1 744
+45 95
+1 776
-18 4
+2 4
+1 2
-1 4
+1 6
-1 4
-29 279
cfi=(32)
cfn=(94)
calls=93 -19 
* 2489
* 186
-44 8
+5 4

fn=(274)
347 918
+1 102
-1 408
+6 102
-6 102
+65 102
-58 102
+11 102
+50 102
-3 204
+3 204
-50 102
+50 408
-19 1002
+8 334
-4 334
+1 334
+3 1336
+1 668
+3 334
-3 334
+4 668
+4 668
-2 334
+5 1336
+3 2338
+99 717
358 668
+3 668
+4 668
+21 668
+4 668
+71 760
fi=(4)
139 190
+1 285
fe=(78)
476 190
fi=(80) ./elf/../sysdeps/generic/dl-protected.h
29 380
fe=(78)
483 732
+16 190
+1 95
+22 95
-21 95
+21 665
-99 291
-1 194
+2 194
+2 97
+6 388
-6 97
+6 679
+7 345
-10 1050
+2 97
+1 291
-1 97
+1 194
-1 97
+1 97
+1 97
-1 97
+1 97
-1 679
cfn=(276)
calls=97 70 
* 10247
+4 291
+3 4
+31 16
+52 7
-1 7
+1 49
-35 21

fl=(8) ./elf/./elf/dl-setup_hash.c
fn=(14) _dl_setup_hash
25 4
+3 4
-3 4
+3 8
+3 12
+1 8
+2 4
-1 4
+3 12
+1 4
+1 8
+7 4
-5 4
-2 4
+3 8
+2 4
+2 8
+5 4

fl=(147) ./elf/./elf/dl-call-libc-early-init.c
fn=(464) _dl_call_libc_early_init
27 1
+2 2
-2 1
+6 3
-6 3
+6 1
-6 2
+6 1
cfi=(146)
cfn=(460)
calls=1 +41 
* 225
+4 2
+2 3
+2 1
-1 1
-1 1
+2 2
-1 1
cob=(2)
cfi=(148) ./elf/./elf/libc_early_init.c
cfn=(466) __libc_early_init
calls=1 -7 
* 353

fl=(32)
fn=(244) strncmp
98 1
+27 1
+1 1
+1 1
+1 1
+1 1
+2 1
+1 1
+2 1
+1 1
+21 1
+1 1
+1 1
+1 1
+1 1
+1 1
+1 1
+1 1
+17 1
+1 1
+1 1
+1 1
+1 1
+1 1
+1 1
2104 1
+3 1
+1 1
+2 1
+1 1
+8 1
+1 1

fn=(94)
98 174
+33 174
+1 174
+2 174
+1 174
+21 174
+1 174
+1 145
+1 145
+1 129
+1 129
+1 129
+1 129
+17 129
+1 129
+1 129
+1 129
+1 129
+1 129
+1 129
+5 11
+1 33
+9 11
+1 11
+1 11
+1 11
+1 11
+1 11
+1 11
+1 11
-7 45
+1 45
+1 45
+1 45
+1 45
+1 45
+1 45
+1 45
+1 54
+1 33
+1 33
+1 33
+2 33
+1 33
+1 33
+1 33
+1 33
+1 33
-5 21
+1 21
+1 21
+1 21
+1 21
+1 21
+10 2
+1 2
+1 2
+2 2
+6 2
+1 2
+1 2
+1 2
+1 2
+5 2
+52 6
+1 6
+1 6
+1 6
+1 6
+2 6
+1 6
+1 6
+1 6
+1 6
+1 6
+1 6
+1 6
+3 6
+1 6
+1 6
+6 6
+1 6
+1 12
+4 6
+1 6
+3 6
+1 6
+1 6
+2 6
+1 6
+1 6
+4 6
+1 6
+1 6
+1 6
+1 6
+1 6
542 1
+1 1
+1 1
+1 1
+1 1
+2 1
+1 1
+1 1
+1 1
+1 1
+1 1
+1 1
+1 1
+4 1
+1 1
+1 1
+6 1
+1 1
+1 2
+4 1
+1 1
+3 1
+1 1
+1 1
+2 1
+1 1
+1 1
+4 1
+1 1
+1 1
+1 1
+1 1
+1 1
+69 1
+1 1
+1 1
+1 1
+1 1
+2 1
+1 1
+1 1
+1 1
+1 1
+1 1
+1 1
780 1
+1 1
+1 1
+1 1
+1 1
+2 1
+1 1
+1 1
+1 1
+1 1
+1 1
+1 1
899 6
+1 6
+1 6
+1 6
+1 6
+2 6
+1 6
+1 6
+1 6
+1 6
+1 6
+1 6
+1 2
+4 2
+1 2
+1 2
+6 2
+1 2
+1 4
+4 2
+1 2
+3 2
+1 2
+1 2
+2 2
+1 2
+1 2
+4 2
+1 2
+1 2
+1 2
+1 2
+1 2
+7 1
+1 1
+2 1
+1 1
+2 1
+1 1
+1 1
+2 1
+1 1
+1 1
+4 1
+1 1
+1 1
+1 1
+1 1
+1 1
+41 3
+1 3
+1 3
+1 3
+1 3
+2 3
+1 3
+1 3
+1 3
+1 3
+1 3
+1 3
+1 1
+4 1
+1 1
+1 1
+6 1
+1 1
+1 2
+4 1
+1 1
+3 1
+1 1
+1 1
+2 1
+1 1
+1 1
+4 1
+1 1
+1 1
+1 1
+1 1
+1 1
+69 5
+1 5
+1 5
+1 5
+1 5
+2 5
+1 5
+1 5
+1 5
+1 5
+1 5
+1 5
+1 2
+4 2
+1 2
+1 2
+6 2
+1 2
+1 4
+4 2
+1 2
+3 2
+1 2
+1 2
+2 2
+1 2
+1 2
+4 2
+1 2
+1 2
+1 2
+1 2
+1 2
+69 5
+1 5
+1 5
+1 5
+1 5
+2 5
+1 5
+1 5
+1 5
+1 5
+1 5
+1 5
+1 1
+4 1
+1 1
+1 1
+6 1
+1 1
+1 2
+4 1
+1 1
+3 1
+1 1
+1 1
+2 1
+1 1
+1 1
+4 1
+1 1
+1 1
+1 1
+1 1
+1 1
+69 1
+1 1
+1 1
+1 1
+1 1
+2 1
+1 1
+1 1
+1 1
+1 1
+1 1
+1 1
1494 3
+1 3
+1 3
+1 3
+1 3
+2 3
+1 3
+1 3
+1 3
+1 3
+1 3
+1 3
+1 3
+4 3
+1 3
+1 3
+6 3
+1 3
+1 6
+4 3
+1 3
+3 3
+1 3
+1 3
+2 3
+1 3
+1 3
+4 3
+1 3
+1 3
+1 3
+1 3
+1 3
+69 2
+1 2
+1 2
+1 2
+1 2
+2 2
+1 2
+1 2
+1 2
+1 2
+1 2
+1 2
+1 1
+4 1
+1 1
+1 1
+6 1
+1 1
+1 2
+4 1
+1 1
+3 1
+1 1
+1 1
+2 1
+1 1
+1 1
+4 1
+1 1
+1 1
+1 1
+1 1
+1 1
+7 1
+1 1
+2 1
+1 1
+2 1
+1 1
+1 1
+2 1
+1 1
+1 1
+4 1
+1 1
+1 1
+1 1
+1 1
+1 1
+41 6
+1 6
+1 6
+1 6
+1 6
+2 6
+1 6
+1 6
+1 6
+1 6
+1 6
+1 6
+1 5
+4 5
+1 5
+1 5
+6 5
+1 5
+1 10
+4 5
+1 5
+3 5
+1 5
+1 5
+2 5
+1 5
+1 5
+4 5
+1 5
+1 5
+1 5
+1 5
+1 5
+7 1
+1 1
+2 1
+1 1
+2 1
+1 1
+1 1
+2 1
+1 1
+1 1
+4 1
+1 1
+1 1
+1 1
+1 1
+1 1
+41 13
+1 13
+1 13
+1 13
+1 13
+2 13
+1 13
+1 13
+1 13
+1 13
+1 13
+1 13
+1 4
+4 4
+1 4
+1 4
+6 4
+1 4
+1 8
+4 4
+1 4
+3 4
+1 4
+1 4
+2 4
+1 4
+1 4
+4 4
+1 4
+1 4
+1 4
+1 4
+1 4
+69 1
+1 1
+1 1
+1 1
+1 1
+2 1
+1 1
+1 1
+1 1
+1 1
+1 1
+1 1
2093 26
+2 26
+1 26
+1 26
+1 26
-3 30
+1 30
+1 30
+1 30
+1 66
+5 33
+6 33
+1 33
+8 33
+1 33
-16 141
+6 141
+1 141
+8 141
+1 141

fl=(155) ./elf/./elf/dl-init.c
fn=(498) call_init.part.0
26 48
+17 4
+3 4
-3 8
+3 8
+5 6
+8 9
+1 6
cob=(3)
cfi=(153)
cfn=(500) 0x000000000483d000
calls=1 -60 
* 7
+3 3
+1 6
+6 4
+2 4
-2 2
+3 13
+1 4
cob=(2)
cfi=(160) ./libio/./libio/vtables.c
cfn=(518) check_stdfiles_vtables
calls=1 545 
* 12
* 8
cob=(2)
cfi=(157) ./csu/./csu/init-first.c
cfn=(510) _init_first
calls=1 -28 
* 72
cob=(4)
cfi=(156)
cfn=(504)
calls=1 -74 
* 12
-1 9
+3 32
-29 2

fn=(496) _dl_init
81 13
+1 1
+1 1
+3 3
+8 2
+25 1
+1 8
+1 8
-92 8
+6 12
+2 17
+83 6
cfn=(498)
calls=3 -94 
* 206
* 6
+7 8
-98 2
+60 2
-54 3
+2 7
cfn=(498)
calls=1 -11 
* 77
* 2

fl=(67) ./elf/./elf/dl-cache.c
fn=(222) _dl_cache_libcmp
357 11
+1 11
+32 11
-33 11
+1 26
+2 59
+2 59
-2 118
+20 114
+2 114
-12 48
+2 48
+14 48
+1 48
-29 96
+32 6
-28 4
+6 2
+2 2
-2 2
+1 2
-1 2
+1 2
-1 2
+2 6
+2 2
-3 2
+3 6
+2 4
+9 27

fn=(214) _dl_load_cache_lookup
403 10
+2 2
+3 3
+74 1
205 1
482 2
+3 3
fi=(69) ./elf/../sysdeps/x86/dl-procinfo.h
39 2
+3 3
cfi=(32)
cfn=(94)
calls=1 +56 
* 25
* 4
fe=(67)
208 6
cfi=(11)
cfn=(28)
calls=1 387 
* 23
* 1
+12 1
-10 1
-2 1
+12 2
-7 5
+9 5
+1 1
-32 2
+36 1
-4 1
+4 2
-5 40
+1 8
-32 16
+36 8
-4 8
+4 16
+4 27
cfn=(222)
calls=9 357 
* 674
+1 18
346 8
+3 2
220 4
347 6
220 14
+2 10
+20 4
+3 4
+2 8
cfn=(222)
calls=2 357 
* 219
* 4
+2 1
-9 4
-30 3
+1 1
fi=(223) ./elf/../sysdeps/x86/dl-isa-level.h
28 2
fe=(67)
210 2
fi=(223)
28 1
fe=(67)
210 1
+1 1
-1 3
+76 3
fi=(223)
28 3
fe=(67)
259 2
+10 3
+1 4
+16 1
fi=(68) ./elf/../sysdeps/generic/dl-cache.h
125 1
fe=(67)
286 3
+9 2
+3 2
+3 1
+1 3
+28 2
500 2
+12 2
cfi=(22) ./string/../sysdeps/x86_64/multiarch/../multiarch/strlen-sse2.S
cfn=(62) strlen
calls=1 57 
* 35
+1 1
-1 1
+1 12
+1 1
-1 1
+1 1
-1 1
+1 1
cfi=(29)
cfn=(82)
calls=1 210 
* 11
* 1
+1 1
cfi=(44) ./string/./string/strdup.c
cfn=(138) strdup
calls=1 40 
* 95
+1 8
411 4
cfi=(52)
cfn=(216)
calls=1 36 
* 103
* 1
+8 5
+1 8
+3 3
+1 1
-1 3
fi=(68)
194 1
+1 5
fe=(67)
431 1
+1 2

fn=(484) _dl_unload_cache
525 1
+1 4
-1 1
+3 1
-3 1
+3 1
cfi=(140)
cfn=(486) munmap
calls=1 117 
* 6
+7 1
-6 1
+4 1
+2 1

fl=(213) ./elf/./elf/dl-fini.c
fn=(706) _dl_fini
26 5
+17 1
-17 6
+20 13
+3 2
cob=(2)
cfi=(214) ./nptl/./nptl/pthread_mutex_lock.c
cfn=(708) pthread_mutex_lock@@GLIBC_2.2.5
calls=1 +28 
* 44
+2 1
+3 2
+2 5
+7 3
-2 1
+2 1
cfi=(48)
cfn=(482)
calls=1 -22 
* 11
+5 15
+5 1
-5 1
+5 3
+2 8
+2 8
+2 8
+1 4
+1 4
+4 4
-12 12
+14 6
+1 4
+6 6
cfi=(13) ./elf/./elf/dl-sort-maps.c
cfn=(232) _dl_sort_maps
calls=1 298 
* 317
+9 2
cob=(2)
cfi=(215) ./nptl/./nptl/pthread_mutex_unlock.c
cfn=(710) pthread_mutex_unlock@@GLIBC_2.2.5
calls=1 367 
* 34
+5 6
+2 1
+2 2
-2 3
+2 6
+2 16
cfi=(216) ./elf/./elf/dl-call_fini.c
cfn=(712) _dl_call_fini
calls=4 -90 
* 328
+3 8
cfi=(48)
cfn=(738)
calls=4 -20 
* 20
-9 8
+14 4
-14 12
+18 3
cfi=(48)
cfn=(482)
calls=1 -85 
* 11
* 2
+6 4
+2 1
-2 2
+6 2
+7 8
-77 2

fl=(145) ./elf/../sysdeps/nptl/dl-mutex.c
fn=(458) __rtld_mutex_init
30 2
+10 3
-10 3
+10 1
-10 1
+10 1
-10 1
+7 1
+3 2
cfi=(146)
cfn=(460)
calls=1 +34 
* 233
+4 2
+1 8
+2 3
-2 1
+2 3
cfi=(146)
cfn=(460)
calls=1 +27 
* 223
+4 2
+1 7
+1 6

fl=(62)
fn=(194)
25 3
+1 12
+1 3

fl=(9) ./elf/../sysdeps/unix/sysv/linux/dl-sysdep.c
fn=(480) _dl_sysdep_start_cleanup
147 1
+1 1

fn=(16) _dl_sysdep_start
102 5
+4 1
-4 1
+1 1
+3 1
cfn=(18) _dl_sysdep_parse_arguments
calls=1 -28 
* 498
+4 2
cfi=(11)
cfn=(22)
calls=1 261 
* 42173
+3 1
cfi=(13)
cfn=(26) _dl_sort_maps_init
calls=1 289 
* 38
+2 2
cfi=(14) ./elf/../sysdeps/unix/sysv/linux/brk.c
cfn=(30) brk
calls=1 -79 
* 8
fi=(6)
220 1
cfi=(15)
cfn=(34) _dl_x86_init_cpu_features
calls=1 37 
* 7349
fe=(9)
-98 3
+1 1
cfi=(22)
cfn=(62)
calls=1 -66 
* 17
* 1
+2 2
cfi=(23) ./elf/../misc/sbrk.c
cfn=(64) sbrk
calls=1 -88 
* 16
* 3
+12 3
+3 5
cfi=(2)
cfn=(66) dl_main
calls=1 1346 
* 107366
+3 4

fn=(18)
78 1
+2 1
-2 6
+1 1
+1 1
-1 1
+2 2
+2 1
-2 1
+2 2
-1 1
+1 2
-1 67
+1 134
+7 56
fi=(10) ./elf/../sysdeps/unix/sysv/linux/dl-parse_auxv.h
-49 1
fe=(9)
+45 1
fi=(10)
-54 1
fe=(9)
+54 1
fi=(10)
-54 1
+1 1
+1 1
+7 3
+1 44
+1 22
-2 22
+2 22
-2 67
fe=(9)
+52 3
+1 1
+1 2
fi=(10)
-49 1
+1 1
fe=(9)
+46 1
fi=(10)
-45 1
+3 1
+1 1
+1 1
+1 1
+2 1
-5 1
-4 1
+1 1
+4 1
+1 1
+3 1
-7 1
-4 1
+1 1
+8 1
fe=(9)
+40 1
-1 1
+2 1
+1 6

fl=(76) ./elf/../sysdeps/x86_64/dl-cet.c
fn=(260) _dl_cet_check
361 8
-76 1
-10 2
+2 2
-1 1
+6 1
+3 1
+8 1
-11 1
+1 1
-1 1
+1 1
-1 1
+1 1
+10 4
+3 1
+4 2
+2 2
-1 1
+2 2
+2 2
-1 2
+4 1
+2 1
+3 2
145 2
+12 2
+16 1
+6 1
363 6

fn=(492) _dl_cet_setup_features
331 1
+3 2
+16 1

fl=(24)
fn=(256) __tls_init_tp
68 2
fi=(224) ./elf/../include/list.h
-24 1
fe=(24)
+24 3
fi=(224)
-25 1
fe=(24)
+26 1
+3 1
fi=(224)
-29 1
+1 1
+1 1
+2 1
fe=(24)
+28 4
+1 2
+1 1
+5 2
+5 1
+6 1
-3 1
+3 1
-6 3
+6 1
+12 4
cfi=(11)
cfn=(28)
calls=1 387 
* 24
fi=(75) ./elf/../sysdeps/unix/sysv/linux/rseq-internal.h
-73 3
+8 1
fe=(24)
+81 3
+7 2
+1 3
fi=(75)
-95 7
+3 2
fe=(24)

fn=(86)
42 8
+2 16

fn=(68) __tls_pre_init_tp
53 3
+3 8
+5 1
-5 1
+5 1
+1 1
-6 1
+8 1

fl=(20) ./elf/../sysdeps/x86/dl-cacheinfo.h
fn=(52) intel_check_word.constprop.0
123 48
-4 72
+10 24
-10 96
+10 48
-10 24
+10 24
-10 24
+10 24
+2 48
+71 48
fi=(21) ./elf/../bits/stdlib-bsearch.h
32 24
fe=(20)
202 120
-71 96
+2 60
+2 120
+8 120
+51 96
+22 48
fi=(21)
28 48
-1 96
+2 216
+2 168
+1 84
fe=(20)
+78 168
+3 324
fi=(21)
-78 264
-6 528
+2 480
+1 240
fe=(20)
+78 480
+15 12
246 144
fi=(21)
37 120
fe=(20)
155 36
+3 36
-6 12
+3 39
+9 18
+23 21
-32 63
+3 63
+4 58
+2 116
+3 84
+1 48
+1 48
+1 30
+2 11
+2 22
+6 14
+3 8
+1 12
-20 15
+12 4
+2 4
+1 4
-2 4
-1 4
+2 8
-2 4
+3 4
-2 12
+2 12
+11 2
-9 12

fn=(56) get_common_cache_info.constprop.0
571 11
+17 1
+1 1
+9 1
-12 1
+2 1
+2 1
+8 1
-11 1
+3 1
+11 2
-5 3
+17 1
+5 3
+4 2
770 5
+1 5
+4 2
+8 1
-1 1
+1 1
+1 1
+1 7
627 5
+3 6
-32 5
+75 4
+8 5
+2 2
-2 1
+6 3
+3 1
+1 5
-4 4
+21 2
-21 4
+2 1
+2 4
-4 1
+6 4
+3 2
+5 1
+2 2
+1 1
+1 1
-2 2
+1 1
-19 4
+46 2
+1 1
+1 2
+1 1
+25 3
630 3
+10 6
+14 2
+4 1
+3 1
+1 1
-4 2
+3 3
+6 4
-37 12
+7 6
-7 3
+7 2
+3 20
+5 2
+4 1
+1 1
-1 2
+1 1
+61 2
+7 1
+2 2
-16 1
+22 1
-6 2
+1 1
+5 1
-30 5

fn=(50) handle_intel.constprop.0
255 24
-5 12
+17 12
-17 96
+11 12
+1 12
+5 36
+4 24
+34 96
-29 12
+3 24
-3 12
+3 36
cfn=(52)
calls=12 123 
* 4092
+2 24
+3 60
cfn=(52)
calls=12 123 
* 1272
+2 24

fl=(2)
fn=(66)
1346 2
197 1
1346 11
199 1
302 1
+1 1
197 1
+99 3
1357 1
cfi=(24)
cfn=(68)
calls=1 53 
* 17
2749 1
2538 1
2749 2
2598 1
+2 2
+15 1
-13 2
cfi=(25) ./elf/./elf/dl-environ.c
cfn=(70) _dl_next_ld_env_entry
calls=1 28 
* 47
* 4
cfi=(25)
cfn=(70)
calls=2 28 
* 397
* 9
+4 6
-2 2
+2 6
+1 2
-1 6
+1 17
-1 89
+9 12
2727 3
1373 1
+1 2
-1 2
+1 2
2687 3
-47 2
+10 2
1637 9
cfi=(26) ./elf/./elf/dl-object.c
cfn=(72) _dl_new_object
calls=1 59 
* 210
* 1
+2 2
+1 3
+6 1
-5 2
+1 3
+4 1
cfi=(26)
cfn=(84) _dl_add_to_namespace_list
calls=1 31 
* 42
+1 2
1116 1
-1 1
1351 1
1143 1
-21 2
+21 2
-19 1
+1 1
-3 1
+21 2
+57 1
-82 1
+25 1
-3 1
+4 1
+19 1
+37 4
-56 102
+56 4
-1 4
+1 8
-1 4
+2 8
+1 1
+2 12
+1 14
+4 8
+1 8
+1 4
+4 12
-72 27
1253 2
+1 22
+6 4
cfi=(30) ./elf/./elf/dl-load.c
cfn=(88) _dl_process_pt_gnu_property
calls=1 868 
* 90
-7 26
+1 13
+6 13
-6 26
fi=(31) ./elf/../sysdeps/x86/dl-prop.h
235 4
+1 2
-87 4
fe=(2)
1148 1
-5 1
+5 2
-5 2
+30 1
-9 2
+2 1
-3 1
+10 2
+18 2
-38 2
-10 1
+10 1
+1 9
-11 2
+1 14
1247 1
1143 1
1247 2
1143 3
1266 4
+3 3
+2 3
1672 3
+2 2
-1 1
+1 1
+1 3
-2 2
cfi=(32)
cfn=(94)
calls=1 98 
* 25
* 2
+7 1
+3 1
-5 1
+3 1
+2 1
+1 2
+4 2
+2 2
fi=(3) ./elf/./get-dynamic-info.h
39 4
+4 1
+2 1
+9 1
+1 1
-10 2
+23 26
-23 104
+4 52
+3 6
-1 12
+3 24
+1 20
fe=(2)
1243 1
1143 1
1243 1
1143 2
fi=(3)
72 4
+43 2
+7 3
+1 4
+6 3
+18 4
+5 2
+2 2
+2 2
+2 2
+1 2
+3 4
+2 3
+1 2
+9 2
+6 2
+1 3
+3 3
fe=(2)
1698 4
+7 2
cfi=(8)
cfn=(14)
calls=1 25 
* 27
+3 2
fi=(33) ./elf/./setup-vdso.h
24 2
fi=(36) ./elf/./dl-main.h
+85 2
fi=(35) ./elf/../sysdeps/unix/sysv/linux/dl-vdso-setup.h
-64 1
fi=(36)
+64 3
cfi=(30)
cfn=(106) _dl_init_paths
calls=1 706 
* 3716
fe=(2)
1733 3
cfi=(45) ./elf/./elf/dl-debug.c
cfn=(144) _dl_debug_initialize
calls=1 56 
* 34
+7 1
-5 1
-2 1
+7 1
+4 1
+1 1
+2 1
-3 3
+1 2
+3 1
+11 1
-13 1
+13 1
+1 2
+5 1
-3 2
+2 1
+1 2
+5 3
+1 5
-1 2
224 1
+1 1
-1 1
+1 3
+1 2
1788 2
+5 1
-1 1
1352 1
1793 1
+24 1
cfi=(46)
cfn=(146)
calls=1 192 
* 6
* 1
fi=(47) ./elf/../sysdeps/generic/dl-debug.h
29 4
+1 1
fe=(2)
1823 1
+1 1
cfi=(45)
cfn=(150) _dl_debug_state
calls=1 116 
* 2
+1 1
+4 3
cfi=(48)
cfn=(152)
calls=1 29 
* 17
+5 3
+2 1
+2 2
+9 2
+16 4
cfi=(63) ./io/../sysdeps/unix/sysv/linux/access.c
cfn=(200) access
calls=1 25 
* 9
* 2
+76 4
+16 3
85 1
1965 1
85 2
1965 1
85 1
1965 5
85 1
1965 2
cfi=(64)
cfn=(202) _dl_map_object_deps
calls=1 143 
* 8468
92 1
+9 1
1971 1
92 2
+9 2
1971 2
+1 6
-1 4
+1 6
-1 12
+4 3
+1 2
+1 1
+2 14
+1 6
+46 1
-42 2
+8 3
+1 2
+2 1
+2 3
+2 1
-4 1
+5 1
-1 2
+14 2
+1 2
+1 3
-25 1
+36 2
+2 1
-2 1
+2 2
-2 1
+1 2
+1 1
-1 2
+1 1
cfi=(50)
cfn=(236)
calls=1 186 
* 3712
+10 1
+1 1
-1 1
+1 1
+3 2
837 1
fi=(225) ./elf/../sysdeps/unix/sysv/linux/dl-osinfo.h
39 2
fe=(2)
839 1
fi=(225)
52 1
fe=(2)
848 1
+7 1
-5 1
2047 3
2246 2
+4 1
-4 1
+10 1
-6 1
+6 1
-6 1
+9 2
+8 2
fi=(31)
36 2
+1 3
+3 3
+13 6
-13 3
+9 6
-9 1
+9 16
+4 12
-16 12
+34 1
fe=(2)
2279 1
fi=(31)
71 1
cfi=(76)
cfn=(260)
calls=1 361 
* 55
fe=(2)
2282 1
-3 2
+5 1
-2 2
+2 2
+1 6
cfi=(77)
cfn=(262)
calls=1 207 
* 67964
85 2
2292 1
85 2
2292 1
+1 17
+2 8
+5 8
+2 8
+6 4
+2 8
+1 24
cfi=(77)
cfn=(262)
calls=3 207 
* 10977
+4 10
+1 2
-23 1
+23 1
cfi=(46)
cfn=(438)
calls=1 1017 
* 28
-23 3
92 3
+1 1
2325 1
93 1
2325 1
+4 4
+2 1
+7 4
cfi=(46)
cfn=(440)
calls=1 523 
* 149
+3 2
+4 3
+2 2
+33 3
cfi=(147)
cfn=(464)
calls=1 27 
* 603
+7 1
cfi=(9)
cfn=(480)
calls=1 147 
* 2
+3 3
cfi=(48)
cfn=(482)
calls=1 41 
* 11
+4 2
cfi=(45)
cfn=(196) _dl_debug_update
calls=1 38 
* 7
+1 1
-1 1
+2 1
cfi=(45)
cfn=(150)
calls=1 116 
* 2
+1 1
+4 1
cfi=(67)
cfn=(484)
calls=1 525 
* 19
+5 8
2304 1
+1 1
-3 2
226 2
-2 1
+1 1
1773 1
+6 1
-6 2
+6 1
fi=(3)
56 5
+3 4
fi=(34) ./elf/../sysdeps/unix/sysv/linux/dl-vdso.h
-19 2
+1 5
fi=(35)
-11 1
+3 1
+3 1
+3 1
fi=(34)
+16 2
fi=(3)
+17 3
+12 3
+1 5
+1 5
+1 5
+1 4
+1 5
+1 5
+1 5
+12 2
+7 1
-7 7
+7 2
fe=(2)
1743 4
2357 1
cfi=(141)
cfn=(442)
calls=1 561 
* 581
+5 3
cfi=(7) ./elf/./elf/dl-minimal.c
cfn=(450) __rtld_malloc_init_real
calls=1 76 
* 2479
+3 1
cfi=(145)
cfn=(458)
calls=1 30 
* 503
85 1
2371 1
+1 3
85 3
2372 2
cfi=(77)
cfn=(262)
calls=1 207 
* 1613
92 3
+9 3
2687 2
+2 1
+1 1
-1 1
+1 1
+1 1
2040 2
cfn=(246) init_tls
calls=1 734 
* 831
* 2
2650 2
+2 2
+1 1
fi=(3)
62 4
+2 4
fe=(2)
1943 10
85 1
1842 2
85 3
1842 2
cfn=(154) handle_preload_list
calls=1 869 
* 3098
* 1
92 3
+9 3
1943 6
+1 1
-1 1
+4 3
+1 1
+1 2
+1 2
-7 2

fn=(154)
869 11
+5 1
-5 2
+5 2
-4 3
+7 3
cfi=(49) ./string/../string/strcspn.c
cfn=(156) strcspn
calls=1 32 
* 254
* 1
+1 3
+9 1
183 1
889 2
183 2
891 2
-80 1
+5 1
-6 1
-4 1
+10 2
-6 1
+4 1
+2 2
-5 1
+1 1
+4 1
cfi=(50)
cfn=(158)
calls=1 254 
* 2754
+1 3
+8 3
+67 1
-18 2
+21 9
-15 4
cfi=(29)
cfn=(82)
calls=1 210 
* 19
+1 2

fn=(238)
674 2
+2 1
-2 4
+2 3
cfi=(73) ./elf/./elf/dl-version.c
cfn=(240) _dl_check_all_versions
calls=1 392 
* 3675
* 2
+4 3

fn=(164)
641 2
+2 1
-2 4
+2 1
+1 2
-1 2
+1 3
cfi=(30)
cfn=(166) _dl_map_object
calls=1 1967 
* 2643
* 1
+2 3

fn=(2) _dl_start
517 16
85 1
547 4
85 1
543 1
fi=(6)
55 1
fe=(2)
+30 1
546 1
85 1
fi=(3)
-40 1
fe=(2)
546 1
fi=(3)
45 2
+23 18
-23 72
+4 36
+3 5
-1 10
+3 20
+1 16
+1 5
fi=(4)
+23 1
fi=(3)
+31 1
-38 3
+12 4
+1 3
+1 4
+1 4
+1 5
+1 3
+1 4
+1 4
+12 7
+7 2
-51 4
+64 3
+6 3
+1 3
+3 2
+1 3
+5 5
+3 5
fe=(2)
563 154
fi=(4)
79 1
fe=(2)
563 1
fi=(4)
79 2
fe=(2)
563 27
fi=(6)
287 3
fi=(5)
49 1
fe=(2)
563 1
fi=(5)
50 1
-1 2
+4 1
-3 1
+3 4
+3 2
-7 1
fe=(2)
563 1
fi=(5)
50 1
-1 2
+4 1
-3 1
+3 4
+3 2
+7 3
+2 3
-2 6
fi=(6)
278 3
fi=(5)
64 6
fi=(6)
278 6
+9 24
+3 6
+1 6
+26 8
+6 2
fi=(5)
61 13
fe=(2)
563 6
fi=(5)
51 1
fi=(4)
+28 2
fi=(3)
-17 4
+2 4
fe=(2)
565 1
+13 1
cfi=(7)
cfn=(12) __rtld_malloc_init_stubs
calls=1 42 
* 10
458 2
85 1
476 2
85 3
476 1
cfi=(8)
cfn=(14)
calls=1 25 
* 27
+2 1
+16 2
-17 1
+11 1
-10 1
+16 1
cfi=(9)
cfn=(16)
calls=1 102 
* 157502
* 1
+2 2
+89 9
fi=(3)
103 3
fe=(2)

fn=(246)
734 1
+6 1
-6 3
+2 2
+4 2
+11 1
fi=(28)
44 1
fe=(2)
746 1
+4 1
fi=(28)
44 1
cfi=(27)
cfn=(74)
calls=1 +36 
* 41
fe=(2)
761 1
-12 1
+6 1
-9 1
+11 1
+4 1
+2 3
-1 2
+3 8
+4 1
+2 1
-2 2
-5 1
-1 2
+10 3
+3 2
cfi=(46)
cfn=(248)
calls=1 97 
* 86
+3 1
cfi=(46)
cfn=(250)
calls=1 216 
* 79
+7 1
cfi=(46)
cfn=(252)
calls=1 417 
* 469
* 1
+1 2
+6 1
fi=(74) ./elf/../sysdeps/generic/dl-call_tls_init_tp.h
31 2
fe=(2)
793 1
fi=(74)
31 6
+2 1
cfi=(24)
cfn=(256)
calls=1 +35 
* 79
fe=(2)
800 1
-3 1
+3 4
-36 3
-1 7

fl=(16) ./elf/../sysdeps/x86/cpu-features.c
fn=(36) init_cpu_features.constprop.0
682 1
+17 1
-17 7
+3 1
+1 1
+1 1
+3 1
+9 2
+3 6
1001 3
+1 2
+3 2
+1 2
+6 1
+1 1
+1 1
+1 1
fi=(20)
792 1
+1 1
+2 1
+14 2
+85 1
+1 1
+15 1
-5 1
+5 1
-10 1
-6 1
+2 1
+14 1
-15 1
+2 1
-1 1
+2 1
-1 1
+2 1
-1 1
+1 1
+2 1
+1 1
+1 1
+1 1
+35 2
-15 3
+8 2
+27 6
+9 2
+19 2
+8 6
cfi=(11)
cfn=(28)
calls=1 387 
* 23
* 1
+2 2
+3 4
cfi=(11)
cfn=(28)
calls=1 387 
* 23
* 1
+2 2
+3 4
cfi=(11)
cfn=(28)
calls=1 387 
* 23
* 1
+1 5
+16 2
-12 5
cfi=(11)
cfn=(28)
calls=1 387 
* 23
* 1
+1 3
+6 3
+3 1
-3 2
cfi=(11)
cfn=(28)
calls=1 387 
* 23
* 1
+3 5
-3 1
+3 5
cfi=(11)
cfn=(58)
calls=1 153 
* 62
+1 10
cfi=(11)
cfn=(58)
calls=1 153 
* 62
+1 11
cfi=(11)
cfn=(58)
calls=1 153 
* 62
+3 10
cfi=(11)
cfn=(58)
calls=1 153 
* 62
+2 10
cfi=(11)
cfn=(58)
calls=1 153 
* 62
+13 1
+2 1
fe=(16)
-23 1
fi=(20)
+21 1
+3 1
fe=(16)
-24 1
fi=(20)
+26 1
-5 1
+2 1
-2 1
+3 1
fe=(16)
-24 1
fi=(20)
+25 1
+3 1
-1 1
fe=(16)
-27 1
cfi=(11)
cfn=(28)
calls=1 387 
* 22
+3 4
cfi=(11)
cfn=(28)
calls=1 387 
* 24
+6 3
+54 1
-1 1
+1 1
+45 4
cfi=(11)
cfn=(28)
calls=1 387 
* 22
+2 4
cfi=(11)
cfn=(28)
calls=1 387 
* 22
+6 4
cfi=(11)
cfn=(28)
calls=1 387 
* 24
+7 8
fi=(20)
974 12
fe=(16)
+68 1
-1 2
+1 3
+44 3
+27 2
-10 2
+1 2
+2 3
+1 2
+2 3
+1 2
fi=(20)
811 2
cfn=(50)
calls=1 255 
* 455
+1 1
-1 1
+1 1
cfn=(50)
calls=1 255 
* 503
+1 1
-1 1
+1 1
cfn=(50)
calls=1 255 
* 530
+4 1
-4 1
+1 2
+3 1
cfn=(50)
calls=1 255 
* 476
+2 1
-2 1
+2 1
cfn=(50)
calls=1 255 
* 468
+3 1
-3 1
+1 2
+2 1
cfn=(50)
calls=1 255 
* 446
+2 1
-2 1
+2 1
cfn=(50)
calls=1 255 
* 447
+3 1
-2 1
-1 1
+3 1
cfn=(50)
calls=1 255 
* 494
+2 1
-2 1
+2 1
cfn=(50)
calls=1 255 
* 495
+1 1
+2 1
-3 1
+1 1
+2 1
cfn=(50)
calls=1 255 
* 521
+2 1
-2 1
+2 1
cfn=(50)
calls=1 255 
* 522
+2 1
-2 1
+2 1
cfn=(50)
calls=1 255 
* 523
+2 4
-2 1
+2 1
cfn=(56)
calls=1 571 
* 223
+93 1
-6 3
+6 1
-6 2
+6 2
-6 2
+6 2
-1 2
fe=(16)
708 6
cfn=(38) get_common_indices.constprop.0
calls=1 398 
* 74
376 3
+1 2
+1 6
+5 2
713 1
cfn=(42) update_active.constprop.0
calls=1 72 
* 222
+2 1
+2 1
1015 1
715 2
878 2
+7 2
+2 2
+4 2
+6 2
+2 1
706 2
-3 1
384 6
+5 2
+1 7
717 1
fi=(20)
987 1
-48 1
fe=(16)
717 1
fi=(20)
987 2
fe=(16)
717 6
+4 7
+78 1
-25 3
+92 2
+3 2
fi=(20)
+38 1
fe=(16)
-37 1
-89 2
+51 2

fn=(38)
398 3
+4 4
+3 3
+5 2
-5 1
+5 1
-5 1
+4 1
+1 1
+1 4
+1 4
+1 3
+1 2
+7 2
+2 5
+5 1
-5 1
+5 1
-5 1
+5 1
-5 2
+5 1
+7 1
-7 4
+7 1
+1 3
+6 1
-6 4
+6 1
fi=(17) ./elf/../sysdeps/unix/sysv/linux/x86/dl-minsigstacksize.h
24 2
+3 2
+1 2
+37 3
+7 1
+2 1
fe=(16)
457 3

fn=(42)
72 8
+4 1
+37 1
+4 1
-31 1
-1 1
-1 1
+25 1
-14 1
-10 1
-1 2
+25 1
-24 1
+19 1
-10 1
+9 1
+6 1
+7 1
-22 1
+9 1
+13 2
-4 1
-18 1
+22 1
-13 1
+9 1
+4 1
+5 1
-9 1
+9 2
-4 1
+4 2
+1 1
-28 1
+28 1
-19 1
+6 1
+3 1
+10 1
+2 1
-1 1
+6 1
-5 1
-1 2
+5 1
+2 1
-2 4
+1 1
+1 1
-1 2
+1 1
-1 1
+3 2
+1 4
+14 2
356 2
+4 3
fi=(18) ./elf/../sysdeps/unix/sysv/linux/x86/dl-hwcap2.h
25 2
fi=(19) ./elf/../sysdeps/x86/get-isa-level.h
+5 1
-2 1
+2 3
fe=(16)
369 1
+1 8
151 2
+1 2
-1 5
+1 2
+2 3
+90 1
+1 1
-1 2
+17 4
+16 2
+5 1
-1 2
+4 4
+4 2
+4 3
+1 2
+3 1
-1 1
+9 1
-5 1
+2 1
-2 1
+5 1
+51 1
fi=(19)
31 1
fe=(16)
356 2
fi=(19)
32 3
+4 3
fe=(16)
158 4
+3 1
+3 2
+14 1
+2 1
+10 3
-12 1
+12 1
-12 1
+2 2
-2 1
+2 1
+8 1
-8 1
+6 3
+2 1
-2 1
+2 3
+7 5
fi=(19)
39 2
+1 4
-2 1
+7 4
+2 1
+1 2
+3 5
+2 4
+1 2
+1 2
+3 1
-1 1
+1 3
fe=(16)
171 1
-5 2
+4 1

fl=(65) ./io/../sysdeps/unix/sysv/linux/stat64.c
fn=(210) stat
28 12
+1 24
cfi=(66) ./io/../sysdeps/unix/sysv/linux/fstatat64.c
cfn=(212) fstatat
calls=6 146 
* 58

fl=(71) ./malloc/./malloc/scratch_buffer_set_array_size.c
fn=(228) __libc_scratch_buffer_set_array_size
30 26
+4 2
+1 4
+10 4
+18 2
-17 2
+17 10

fl=(14)
fn=(30)
36 1
fi=(226) ./elf/../sysdeps/unix/sysv/linux/brk_call.h
-12 2
fe=(14)
+13 1
+1 2
+6 1
+1 1

fl=(13)
fn=(26)
289 2
+1 2
-1 2
+1 2
cfi=(11)
cfn=(28)
calls=1 +97 
* 24
+2 3
-1 1
+2 2

fn=(232)
298 24
+8 2
-8 2
+8 4
+4 16
-99 2
-28 2
-2 2
+1 4
+29 2
-28 8
+1 2
-1 2
+1 2
-1 4
+1 6
-1 6
+1 6
-1 12
+28 30
+8 6
-3 2
+2 2
+1 4
-3 2
+5 26
+2 8
-83 40
cfn=(234) dfs_traversal.part.0
calls=8 -5 
* 292
+86 24
+18 8
+32 8
+7 2
+27 2
-47 6
cfi=(29)
cfn=(82)
calls=2 -53 
* 22
* 2

fn=(234)
135 72
+10 8
-2 8
+2 16
+2 20
-7 20
+7 40
+9 16
+15 24
+1 8
+1 48
-17 12

fl=(25)
fn=(70)
28 3
+1 3
+3 76
+13 66
-13 132
+2 136
+1 20
+5 2
-3 2
+3 2
+2 2

fl=(64)
fn=(206)
61 12
+7 2
-4 6
+1 2
-1 14
cfi=(30)
cfn=(166)
calls=2 1967 
* 6679
* 2
+5 6

fn=(202)
143 4
+1 2
-1 1
+1 1
-1 2
+1 1
-1 1
+1 1
-1 4
+1 3
-1 1
+1 7
-8 1
+8 2
-8 1
-6 1
-2 1
+16 1
-8 1
-7 1
+1 1
+6 1
+24 4
-28 3
-2 1
+31 1
-33 2
+2 2
+30 2
-30 1
-1 4
+7 4
+24 3
+28 3
-6 1
+46 1
fi=(72) ./elf/../include/scratch_buffer.h
77 1
fe=(64)
+87 1
fi=(72)
-87 1
+1 1
fe=(64)
184 1
+44 4
-31 1
-4 1
+4 5
-4 3
+4 6
+11 12
-18 2
+18 4
417 8
+2 2
+3 2
-3 6
+3 2
-3 2
fi=(28)
56 2
cfi=(27)
cfn=(78)
calls=2 -20 
* 60
fe=(64)
423 6
fi=(28)
56 2
fe=(64)
423 2
+6 2
+1 10
cfi=(29)
cfn=(82)
calls=2 210 
* 22
+1 10
cfi=(29)
cfn=(82)
calls=2 210 
* 22
+3 2
+1 4
+4 12
188 6
442 9
-1 4
+1 8
183 6
+27 8
+7 2
+4 2
-6 2
+1 2
+1 2
+1 4
+3 6
-2 2
-29 10
+32 112
+6 8
cfi=(30)
cfn=(204) _dl_dst_count
calls=2 +10 
* 118
* 6
+4 4
-2 2
+2 4
cfi=(50)
cfn=(160)
calls=2 -28 
* 6855
+1 4
+9 2
+2 4
+5 10
+6 2
+2 2
-8 4
+3 2
+1 2
+1 2
+1 2
+4 2
-3 2
+3 6
+4 6
+1 3
-43 230
+7 4
+38 162
fi=(72)
85 3
fe=(64)
448 5
+1 1
+3 4
+11 5
fi=(28)
56 1
cfi=(27)
cfn=(78)
calls=1 -20 
* 30
fe=(64)
465 3
fi=(28)
56 1
fe=(64)
465 1
+5 2
+1 1
-1 3
+4 3
-2 2
+13 3
+5 3
-16 9
+11 3
-7 3
+7 3
-2 6
-5 1
+7 1
-2 2
+2 1
-11 1
+11 1
+5 1
-16 3
+21 3
+37 2
+15 2
-14 2
+20 1
-1 4
+1 4
-1 5
cfi=(13)
cfn=(232)
calls=1 298 
* 277
+5 1
+2 1
+1 1
+1 2
-2 1
+2 1
+7 3
+3 2
+3 8
198 25
+3 2
fi=(72)
-70 8
cfi=(71)
cfn=(228)
calls=2 30 
* 50
fe=(64)
+70 6
+4 4
547 4
cfi=(29)
cfn=(82)
calls=1 210 
* 11
* 3
-53 2
144 2

fl=(66)
fn=(212)
146 12
-55 12
+70 13
+1 1
-2 10
+1 10

fl=(22)
fn=(62)
57 17
+44 17
+1 17
+1 17
+1 17
+1 17
+1 17
+1 17
+2 17
+2 17
+31 17
+1 17
+1 17
+1 17
+1 17
+1 8
+2 8
+4 9
+1 9
+1 9
+1 9
+1 9
+1 9
+1 9
+1 9
+1 9
+1 9
+1 9
+1 9
+5 72

fl=(57)
fn=(182)
47 12
+3 24
-3 72
+6 24
+5 72
+2 48
-7 29

fl=(27)
fn=(142) __minimal_free
97 3
+2 12

fn=(78)
36 216
+1 81
+11 78
+3 26
-3 26
+3 52
-3 2
+3 1
-3 1
+3 102
+19 27
+1 27
+2 162
-17 8
+1 4
+2 2
+1 14
cfi=(57)
cfn=(182)
calls=2 -13 
* 52
* 2
+2 4
+2 8
cfi=(58) ./misc/../sysdeps/unix/sysv/linux/setvmaname.c
cfn=(184) __set_vma_name
calls=2 -31 
* 56
+1 6
+2 2
+4 2
-4 4
-24 1
-1 1
+1 1
+1 2
-2 2

fn=(74)
80 8
+4 8
-4 32
+7 8
+1 24
fi=(28)
-32 8
cfi=(27)
cfn=(78)
calls=8 -20 
* 347
fe=(27)

fl=(23)
fn=(64)
37 4
+3 1
-3 2
+21 2
+4 2
+16 5

fl=(55)
fn=(178)
30 3
+9 12
+33 3

fl=(30)
fn=(88)
868 3
+8 3
-8 6
+8 3
-6 3
+12 6
-13 3
+13 3
-13 3
+13 6
+3 9
+1 6
+1 6
+3 9
+1 9
+4 3
+1 6
+22 3
+2 3
-2 6
+2 9
-20 10
+1 5
+3 10
+3 5
+1 20
fi=(31)
95 20
+7 10
+16 5
-3 10
254 6
+1 3
+2 12
+3 3
-8 4
+5 2
-4 2
+4 6
+3 2
-2 1
fe=(30)

fn=(166)
1967 36
+8 6
+1 12
+3 51
+5 49
+2 21
cfi=(52)
cfn=(168)
calls=7 68 
* 904
* 14
+4 12
+1 18
+4 2
-1 10
+1 2
+1 2
-1 2
+1 4
cfi=(32)
cfn=(94)
calls=2 98 
* 75
* 4
2270 29
2011 6
-1 4
+9 2
-50 2
+50 4
+17 4
-2 2
+2 2
cfi=(41) ./string/../sysdeps/x86_64/multiarch/../multiarch/strchr-sse2.S
cfn=(118) index
calls=2 32 
* 48
* 4
2202 2
-1 3
cfn=(136) expand_dynamic_string_token
calls=1 385 
* 175
+6 1
-7 1
+1 1
+2 2
+4 7
cfn=(170) open_verify.constprop.0
calls=1 1572 
* 106
+3 2
-3 1
+3 1
+12 4
+45 1
+1 5
-1 1
+1 8
cfn=(176) _dl_map_object_from_fd
calls=1 944 
* 1940
-1 1
+1 5
-1 1
+1 8
cfn=(176)
calls=1 944 
* 2374
* 6
2040 2
cfi=(22)
cfn=(62)
calls=1 57 
* 17
* 2
+2 2
+7 4
+51 13
cfn=(208) open_path
calls=1 1812 
* 1511
+6 1
-6 1
+6 2
2222 4
+46 2
682 1
2107 1
682 2
2135 2
cfi=(67)
cfn=(214)
calls=1 403 
* 1566
* 1
+2 2
+4 2
+31 1
-23 2
+23 7
cfn=(170)
calls=1 1572 
* 137
+4 2
-4 1
+4 1
+1 1
+17 2
2074 5
682 1
2075 1
682 3
2099 2
+1 2
-47 1
+1 1
696 5
2058 3
682 1
2059 1
682 2
2073 5
+1 2
+41 1
+14 2
+2 3
-47 2

fn=(208)
1812 8
+1 1
-1 3
+1 1
+6 2
+5 17
+67 2
-74 1
+7 3
+57 1
-65 1
+65 1
+10 2
-64 2
+8 6
-8 4
+8 12
+7 6
-11 3
+12 3
-1 12
cfi=(29)
cfn=(126)
calls=3 197 
* 47
+1 30
+50 6
-2 12
-48 33
+3 18
+5 63
cfi=(29)
cfn=(126)
calls=9 197 
* 117
* 36
cfi=(29)
cfn=(126)
calls=9 197 
* 117
+3 18
+6 27
+3 63
cfn=(170)
calls=9 1572 
* 504
* 9
+2 27
+2 12
+93 9
-88 12
+1 42
+6 6
+2 12
-2 12
+2 6
cfi=(65)
cfn=(210)
calls=6 28 
* 94
* 6
+3 6
-3 12
+1 2
+9 8
+2 1
-2 5
+2 8
+44 18
+6 6
-2 3
+2 6
+3 3
1822 2
+2 2

fn=(106)
706 11
+14 1
-14 2
+14 2
cfi=(37) ./elf/./elf/dl-hwcaps.c
cfn=(108) _dl_important_hwcaps
calls=1 172 
* 1244
fi=(28)
56 1
fe=(30)
720 1
fi=(28)
56 1
cfi=(27)
cfn=(78)
calls=1 -20 
* 30
fe=(30)
725 1
+2 3
+8 2
-1 3
+5 3
fi=(28)
56 1
cfi=(27)
cfn=(78)
calls=1 -20 
* 30
fe=(30)
739 1
+2 4
+7 1
+8 1
+2 1
+12 2
-23 1
+9 1
+11 1
-4 1
-5 1
+3 2
+7 2
+2 2
-11 1
+11 3
-8 1
+4 1
+1 3
+1 16
cfi=(43)
cfn=(130)
calls=4 132 
* 56
+2 15
-14 3
+10 3
+4 9
-12 3
-2 3
+2 3
+4 3
-3 3
+3 3
+1 3
-2 3
+5 9
+1 6
+3 1
+15 1
-8 1
+5 1
-6 1
+9 2
+2 4
+2 3
+36 5
+2 2
cfi=(22)
cfn=(62)
calls=1 57 
* 35
* 9
-19 1
-2 1
+2 2
+19 9
cfi=(29)
cfn=(82)
calls=1 210 
* 19
* 1
+5 4
-1 2
+2 1
+1 2
-2 4
+1 49
+1 98
-2 196
+5 1
fi=(28)
56 1
cfi=(27)
cfn=(78)
calls=1 -20 
* 30
fe=(30)
836 1
fi=(28)
56 1
fe=(30)
838 2
+6 6
cfn=(132) fillin_rpath.isra.0
calls=1 468 
* 1697
+3 3
+6 1
+4 8
-35 2
+5 2

fn=(136)
385 27
241 6
385 3
241 3
cfi=(41)
cfn=(118)
calls=3 32 
* 120
+3 6
410 3
-11 3
+11 18
-11 3
cfi=(44)
cfn=(138)
calls=3 40 
* 283

fn=(170)
1572 110
+32 11
-32 22
+32 22
+19 44
cfi=(53)
cfn=(172)
calls=11 28 
* 247
* 11
+2 22
+8 2
+1 4
+5 2
-5 2
+5 10
cfi=(54) ./io/../sysdeps/unix/sysv/linux/read_nocancel.c
cfn=(174) __read_nocancel
calls=2 25 
* 12
+2 4
+2 4
+2 4
+6 4
+17 26
+81 4
+5 4
+6 8
+6 4
+6 2
+1 2
-1 6
+1 6
+26 99
-22 13
+1 2
-1 1
+1 1
cfi=(70) ./io/../sysdeps/unix/sysv/linux/pread64_nocancel.c
cfn=(224) __pread64_nocancel
calls=1 25 
* 7
* 2
1668 3
-59 18
1777 2

fn=(132)
468 9
+4 1
-4 8
+6 3
cfi=(7)
cfn=(134) strsep
calls=1 239 
* 564
* 9
cfi=(7)
cfn=(134)
calls=3 239 
* 268
* 12
+7 6
+2 6
cfn=(136)
calls=2 -98 
* 300
* 2
+4 4
+5 4
cfi=(22)
cfn=(62)
calls=2 57 
* 52
* 2
+1 4
+7 10
+9 51
+1 30
fi=(28)
50 6
cfi=(27)
cfn=(142)
calls=3 +47 
* 15
+1 3
fe=(30)
509 1
-32 1
+1 1
+31 2
+19 12
+4 12
fi=(28)
56 3
cfi=(27)
cfn=(78)
calls=3 -20 
* 90
* 3
fe=(30)
534 6
+5 3
+1 6
-1 3
-1 3
+2 3
cfi=(29)
cfn=(126)
calls=3 197 
* 47
+3 3
-3 3
+1 3
+2 3
+1 1
+5 1
+1 1
-1 3
+1 2
-1 2
+1 2
-1 6
+1 13
+1 3
-1 3
+1 3
-1 9
+1 3
-1 6
+1 3
+2 6
+1 9
+1 3
+6 6
+1 3
+3 9
-60 4
-22 4
+88 1
+3 8
-24 6

fn=(176)
944 20
+15 2
-15 4
+15 2
-15 4
+15 4
+77 8
+10 4
+7 14
cfi=(26)
cfn=(72)
calls=2 59 
* 861
* 2
+1 4
+11 2
+5 2
-4 2
-1 2
+2 2
+2 2
-2 2
+2 4
+1 6
+1 2
+19 2
-2 1
+2 12
-2 1
+2 28
+10 2
-10 2
+10 6
+27 2
-33 2
-3 2
+2 2
-1 2
+35 2
+9 2
-50 2
+41 2
+9 2
-36 2
+63 10
-62 86
+26 56
+8 16
+1 8
-1 8
+1 32
+1 8
-1 8
+1 8
+2 8
-2 8
+2 8
+2 8
-4 8
+1 8
+3 8
-4 8
+4 40
+2 16
+13 16
+1 30
+5 6
+1 54
-28 12
-35 18
+62 2
+1 18
-28 4
-35 51
+1 127
1213 2
1100 2
1213 4
1100 6
1218 14
+10 6
+1 2
-1 2
+1 2
-1 6
+1 6
-1 6
+1 6
-1 18
1066 4
1235 4
+10 8
+7 8
fi=(59) ./elf/./dl-map-segments.h
28 2
fe=(30)
1252 6
fi=(59)
28 4
+1 16
cfi=(57)
cfn=(182)
calls=2 +18 
* 56
+73 4
-1 2
-72 2
+73 2
+3 4
+1 2
+2 2
-3 2
+1 2
+2 2
+17 2
-44 2
fi=(60) ./elf/./dl-load.h
+10 16
fi=(59)
+58 32
+6 2
+2 2
-2 2
+1 2
+2 4
-1 4
+3 4
+5 4
+3 6
+8 12
cfi=(43)
cfn=(130)
calls=2 -44 
* 287
* 2
+6 4
+12 8
-59 48
+2 24
+2 48
cfi=(57)
cfn=(182)
calls=6 -92 
* 126
* 12
fe=(30)
1264 2
fi=(56) ./elf/../sysdeps/posix/dl-fileid.h
37 4
cfi=(55)
cfn=(178)
calls=2 -7 
* 12
* 4
fe=(30)
989 4
fi=(56)
40 6
fe=(30)
989 2
fi=(56)
40 2
fe=(30)
989 23
+1 10
fi=(56)
49 12
fe=(30)
1519 18
1074 13
+1 2
-1 1
+1 1
-1 1
+1 1
cfi=(70)
cfn=(224)
calls=1 25 
* 7
* 2
+46 2
+1 1
-15 4
+7 2
+2 2
-2 2
+1 2
+1 2
-1 4
+1 16
+60 3
+5 1
-1 2
+5 1
-5 2
-66 1
+71 4
+1 1
+3 1
-3 1
+8 4
+15 4
+1 2
1008 4
1268 8
+1 6
fi=(61) ./elf/./elf/get-dynamic-info.h
39 4
+6 2
-2 2
+11 2
+1 2
-10 4
+8 3
+15 3
-23 12
+23 44
-23 176
+4 94
+3 13
-1 26
+3 40
+1 32
+1 10
+16 8
+12 7
+1 8
+1 8
+1 8
+1 7
+1 7
+1 7
+1 8
+12 2
+7 2
-7 14
+7 5
+5 2
+7 2
+1 6
+6 6
+1 3
+17 6
+5 2
+2 2
+2 2
+2 2
+4 6
+2 6
+1 4
+9 4
+6 4
+4 4
fe=(30)
1275 4
+1 4
+2 4
+10 6
+19 6
+2 12
+52 6
+1 2
+6 18
+1 42
+6 8
cfn=(88)
calls=2 868 
* 154
-7 52
+1 25
+6 25
-6 50
fi=(31)
149 8
fe=(30)
1380 4
cfi=(62)
cfn=(194)
calls=2 25 
* 12
* 4
+13 4
+2 8
+2 4
+16 4
cfi=(8)
cfn=(14)
calls=2 25 
* 54
+4 4
+1 4
+17 4
+1 1
+3 1
+5 1
-5 1
+5 1
-5 1
+5 1
-5 1
+5 1
+5 4
+12 16
+10 4
+1 4
+5 2
cfi=(46)
cfn=(226)
calls=1 125 
* 12
+7 6
cfi=(26)
cfn=(84)
calls=2 31 
* 106
+3 4
+4 4
cfi=(45)
cfn=(196)
calls=2 38 
* 14
* 2
+1 6
+22 14
+1 6
cfi=(48)
cfn=(198)
calls=2 77 
* 10
* 2
fi=(60)
92 4
+2 1
-1 1
+1 1
-1 1
+1 1
-1 1
+1 1
-1 2
+3 4
fi=(61)
-37 8
+3 8
+2 8
181 3
-22 2
fe=(30)
1510 4
1074 2
fi=(59)
186 8
cfi=(57)
cfn=(182)
calls=1 47 
* 21
+3 2
fe=(30)
1462 6
+2 1
-1 5
+1 1
-1 1
+1 1
-1 1
cfi=(32)
cfn=(94)
calls=1 98 
* 25
* 2
+2 5

fn=(204)
238 4
+3 2
-3 10
+7 2
-7 4
+3 2
cfi=(41)
cfn=(118)
calls=2 32 
* 72
+3 4
+20 18

fl=(44)
fn=(138)
40 24
+1 4
cfi=(22)
cfn=(62)
calls=4 +16 
* 122
* 4
fi=(227) ./string/../include/rtld-malloc.h
+15 8
cfi=(27)
cfn=(78)
calls=4 -20 
* 120
fe=(44)
-12 8
+3 12
+1 12
-1 4
cfi=(29)
cfn=(82)
calls=4 210 
* 60

fl=(38) ./elf/../sysdeps/x86_64/dl-hwcaps-subdirs.c
fn=(110) _dl_hwcaps_subdirs_active
29 1
fi=(19)
+2 1
fe=(38)
+7 1
fi=(19)
-8 4
fe=(38)
+22 1
fi=(19)
-20 3
+4 1
fe=(38)
+2 1
fi=(19)
-2 2
+3 4
+1 4
+5 1
fe=(38)
-7 1
fi=(19)
+7 3
fe=(38)
-2 1
fi=(19)
+5 2
+3 5
+2 4
+1 2
+1 2
+3 1
fe=(38)
-10 1
fi=(19)
+10 3
fe=(38)

fl=(216)
fn=(712)
24 32
+4 8
+6 4
-2 4
+3 8
+3 2
+1 2
-1 2
+1 4
+3 8
+1 2
cob=(4)
cfi=(156)
cfn=(740)
calls=1 -43 
* 98
cob=(5) /home/uon-liaquat/workspace/zerograd/a.out
cfi=(161) ???
cfn=(714) 0x00000000000011a0
calls=1 -43 
* 98
-1 8
+5 4
+1 8
+1 4
+1 10
-1 2
cob=(3)
cfi=(153)
cfn=(756) 0x000000000483d294
calls=1 -49 
* 4
cob=(3)
cfi=(153)
cfn=(736) 0x000000000010959c
calls=1 -49 
* 4
+1 12

fl=(49)
fn=(156)
32 6
+1 3
+1 2
+5 6
+1 4
+1 4
+1 4
+2 1
+3 3
+1 2
-1 6
+1 4
+3 4
+1 4
+1 4
+1 4
+2 3
+6 1
-1 1
+1 1
+2 2
-1 2
+2 1
+2 6
-5 12
-1 12
+1 12
+2 24
-1 24
+2 12
+2 72
+2 1
+1 3
+1 2
-1 1
+1 1

fl=(39) ./elf/./elf/dl-hwcaps_split.c
fn=(120) _dl_hwcaps_split
25 5
+1 3
+21 1
-20 1
+20 3

fn=(114) _dl_hwcaps_split_masked
51 110
-25 44
+36 5
-7 5
+7 35
-26 24
+5 27
cfi=(41)
cfn=(118)
calls=9 -9 
* 216
* 9
+1 18
+3 6
+11 12
+1 18
+1 12
-2 6
+1 9
+1 6
-28 24
+4 48
+1 12
-1 30
+24 6
+9 12
-5 6
-2 6
+2 42
-19 6
cfi=(22)
cfn=(62)
calls=3 +14 
* 51
* 6

fl=(42) ./string/../sysdeps/x86_64/multiarch/../multiarch/memcmp-sse2.S
fn=(122) bcmp
59 1
+12 1
+1 1
+22 1
+1 1
+45 1
+1 1
+2 1
+1 1
+2 1
+1 1
+2 1
+1 1
+47 1
+1 1
+1 1
+1 1
+1 1
+1 1

fl=(41)
fn=(118)
32 16
+1 16
+1 16
+1 16
+1 16
+1 16
+1 16
+1 16
+1 16
+1 16
+1 16
+1 16
+1 16
+1 16
+1 16
+1 16
+1 16
+1 16
+1 13
+4 13
+1 13
+1 13
+1 13
+2 13
+4 3
+1 3
+1 3
+1 3
+1 3
+1 3
+1 3
+1 3
+1 3
+1 3
+1 3
+1 3
+1 3
+1 3
+1 3
+1 3
+1 3
+1 3
+1 3
+1 3
+1 3
+1 3
+1 3
+1 3
+52 3
+4 3
+1 3
+1 3
+1 3
+2 3

fl=(54)
fn=(174)
25 2
+1 8
+1 2

fl=(45)
fn=(196)
38 3
+3 3
-1 6
+4 6
+4 3

fn=(144)
56 3
+3 2
+4 1
+22 1
+10 1
-32 2
+1 1
+21 2
+5 2
+1 1
+4 1
-4 1
-1 1
+2 1
+3 1
+4 2
+8 2
-50 1
+4 2
+35 6

fn=(150)
116 2
+1 2

fl=(58)
fn=(184)
33 2
+2 7
-2 4
+7 1
-7 2
+7 1
-7 2
+7 1
-7 1
+7 1
cfi=(11)
cfn=(28)
calls=1 387 
* 24
* 3
+7 1
+2 6

fl=(70)
fn=(224)
25 4
+1 8
+1 2

fl=(63)
fn=(200)
25 1
+2 7
+4 1

fl=(51)
fn=(162)
31 3
+2 3
+9 3
+1 6
+1 3
+4 3
+1 3
+1 3
+1 3
+1 3
+2 6
+2 3
+1 3
+1 3
+2 6
+2 3
+8 3
+3 3
+1 3
+7 3
+1 3

fl=(73)
fn=(242) _dl_check_map_versions
155 40
+15 12
+2 20
+2 4
+1 4
+2 8
+3 4
-16 4
+20 2
-4 2
-24 2
+28 14
+16 4
36 2
200 2
36 14
+1 5
-1 10
+2 21
cfi=(52)
cfn=(168)
calls=7 +30 
* 797
* 16
208 6
+5 2
fi=(228) ./elf/../sysdeps/generic/_itoa.h
76 6
fe=(73)
213 4
+4 4
+1 4
-1 4
+4 2
-3 2
+3 2
-3 6
-1 6
+1 6
-1 6
+4 3
-3 3
+3 3
-3 19
56 20
+8 15
+6 15
+16 5
+1 10
+2 5
+5 35
+14 98
+12 132
+4 44
-30 88
231 20
+3 15
+5 3
-24 3
110 5
+3 25
cfi=(32)
cfn=(94)
calls=5 -15 
* 125
* 15
224 15
+4 4
+15 6
+14 10
+3 4
+3 14
+3 8
+4 2
-7 8
+3 6
+4 44
-7 176
+3 134
+8 6
+6 6
fi=(28)
44 3
fe=(73)
280 6
fi=(28)
44 3
cfi=(27)
cfn=(74)
calls=3 +36 
* 123
fe=(73)
281 6
-2 3
fi=(28)
44 3
fe=(73)
281 3
+13 3
-3 3
+3 12
+2 6
+3 8
+4 6
+7 5
+1 5
-1 15
+1 5
+1 5
-2 5
+2 10
+1 15
+3 15
+5 3
-15 3
+2 3
-2 3
+2 3
-2 3
+2 6
-2 2
+2 2
-2 2
+2 2
-2 2
+2 4
+16 6
+10 4
+3 4
+4 46
+6 46
+1 46
+1 46
-1 138
+1 46
-1 46
+1 46
+1 46
+3 138
+4 46
-14 96
+10 6
+12 4
+1 4
+1 4
+1 2
+19 36
164 2
-8 2
257 5
+17 3
+60 2
-40 2
+76 4
+2 4
+4 2
-4 120
+1 60
+2 1
+1 2
-1 1
+1 1
cfi=(32)
cfn=(244)
calls=1 98 
* 32
* 2

fn=(240)
392 7
+4 5
-2 1
+4 24
cfn=(242)
calls=4 155 
* 3603
-2 4
+2 12
-1 4
-1 8
+5 7

fl=(140)
fn=(436)
117 20
+5 4

fn=(486)
117 5
+5 1

fl=(15)
fn=(34)
37 1
+2 3
+2 1
cfi=(16)
cfn=(36)
calls=1 682 
* 7344

fn=(462)
71 1
-32 3
+32 2

fl=(7)
fn=(12)
42 1
+1 2
+1 2
+1 2
+1 2
+1 1

fn=(134)
239 4
+3 8
+2 4
+1 8
+4 9
-2 6
+4 100
+5 288
-2 196
+6 4
+7 2
+4 4
-4 1
+4 4
-22 48
+15 48
-15 98

fn=(454) lookup_malloc_symbol
61 8
+3 4
-3 12
+3 4
-3 12
+3 4
-3 4
+2 4
+1 16
cfi=(78)
cfn=(270)
calls=4 772 
* 2196
+4 28
+1 28
+2 4
fi=(144) ./elf/./dl-sym-post.h
-30 8
+12 12
fe=(7)
+19 24

fn=(450)
76 2
+10 1
fi=(143) ./elf/../sysdeps/generic/dl-hash.h
-41 1
-1 1
fe=(7)
+32 8
+11 1
-1 1
fi=(143)
-43 1
+5 3
+14 4
-17 3
+3 15
+14 20
-17 15
fe=(7)
+46 2
fi=(143)
-24 1
fe=(7)
+22 1
+2 2
fi=(143)
-19 1
fe=(7)
+19 1
cfn=(454)
calls=1 -30 
* 574
+1 3
-1 1
+1 1
cfn=(454)
calls=1 -31 
* 563
+1 3
-1 1
+1 1
cfn=(454)
calls=1 -32 
* 648
+1 3
-1 1
+1 1
cfn=(454)
calls=1 -33 
* 583
+5 1
+1 1
+1 1
+1 1
+1 8

fl=(37)
fn=(108)
172 6
+3 1
-3 3
+3 1
-3 5
+2 1
cfi=(38)
cfn=(110)
calls=1 29 
* 49
+1 1
fi=(40) ./elf/./dl-hwcaps.h
43 1
fe=(37)
174 1
fi=(40)
45 2
+32 1
+1 1
+1 1
fe=(37)
-27 2
cfi=(39)
cfn=(114)
calls=1 -1 
* 23
* 2
fi=(40)
-9 1
+2 1
-2 1
+34 2
+1 2
+1 1
fe=(37)
-24 2
-1 2
+1 2
+1 2
+1 2
-5 4
cfi=(39)
cfn=(114)
calls=2 -1 
* 130
* 2
cfi=(39)
cfn=(114)
calls=1 -1 
* 125
* 6
+48 4
fi=(28)
-44 2
cfi=(27)
cfn=(78)
calls=1 -20 
* 30
fe=(37)
+46 2
-2 1
+2 1
+3 1
+3 1
fi=(40)
-65 1
+2 1
fe=(37)
+67 1
fi=(40)
-66 1
fe=(37)
+66 2
cfi=(39)
cfn=(120)
calls=1 -87 
* 13
* 2
fi=(40)
-69 1
+2 1
-2 1
+34 2
+1 2
+1 1
fe=(37)
+48 10
+1 4
+1 2
+1 2
-1 2
-4 4
cfi=(39)
cfn=(114)
calls=2 -74 
* 130
* 2
cfi=(39)
cfn=(114)
calls=1 -74 
* 125
* 6
+8 3
+9 5
+3 8
-2 6
+14 1
+4 1
+1 1
+1 1
-20 3
+19 1
+1 1
-20 2
+8 2
+4 2
-4 3
+4 2
cfi=(42)
cfn=(122)
calls=1 -96 
* 19
+1 3
-14 8
+47 1
-4 2
+4 2
-3 1
+7 1
-7 2
+7 1
fi=(28)
56 1
cfi=(27)
cfn=(78)
calls=1 -20 
* 30
* 1
fe=(37)
194 2
+8 1
fi=(40)
43 1
fe=(37)
201 1
80 1
fi=(40)
-35 1
fe=(37)
+35 1
202 1
fi=(40)
77 1
+1 1
fe=(37)
202 3
fi=(40)
79 1
fe=(37)
-2 2
cfi=(39)
cfn=(114)
calls=1 -26 
* 23
* 2
fi=(40)
-34 1
+2 1
fe=(37)
+35 2
fi=(40)
-37 1
+34 2
+1 2
+1 3
fe=(37)
+1 4
+7 2
-7 8
cfi=(29)
cfn=(126)
calls=2 197 
* 26
+4 2
+2 2
+2 2
-2 4
-9 4
cfi=(39)
cfn=(114)
calls=2 -26 
* 130
* 2
cfi=(39)
cfn=(114)
calls=1 -26 
* 125
* 6
213 2
-5 1
+1 1
-1 1
+5 1
+3 9

fl=(26)
fn=(72)
59 45
+3 6
+18 4
+3 2
cfi=(22)
cfn=(62)
calls=2 -26 
* 52
+4 2
-4 2
+4 2
+5 2
-9 6
fi=(28)
-39 4
cfi=(27)
cfn=(74)
calls=2 +36 
* 183
fe=(26)
+39 1
fi=(28)
-39 2
cfi=(27)
cfn=(74)
calls=1 +36 
* 47
* 3
fe=(26)
+51 6
+5 3
+4 3
-6 3
+2 3
+4 3
-5 3
+4 3
+1 3
-1 3
+1 6
cfi=(29)
cfn=(82)
calls=3 210 
* 44
* 3
+15 3
-15 3
+2 3
+13 6
+6 1
+2 7
+3 2
-3 14
+3 4
+2 3
+4 3
+3 10
+2 12
-2 8
+2 8
-2 16
+16 6
-5 3
+5 3
-6 3
+6 3
-6 3
+6 6
+2 4
+3 4
-3 4
+7 8
+4 6
+8 1
+13 1
-10 2
+10 5
-10 4
+10 6
+2 2
cfi=(22)
cfn=(62)
calls=2 57 
* 70
+21 2
-21 6
+17 2
-13 6
+50 6
cfi=(29)
cfn=(126)
calls=2 -48 
* 34
* 2
+5 4
+1 4
-1 80
+1 80
+4 4
+1 2
+3 2
+4 27
131 6
-8 2
-4 4
+34 1
+7 4
+8 8
fi=(28)
56 4
cfi=(27)
cfn=(78)
calls=2 -20 
* 60
* 2
fe=(26)
200 4
-1 4
64 2
+2 3
+1 2
+4 6
+6 2

fn=(84)
31 12
+2 3
-2 6
+2 3
-2 9
+2 3
cfi=(24)
cfn=(86)
calls=3 +9 
* 9
+2 26
+3 20
+2 2
+2 2
+4 2
+4 2
-4 4
+1 4
+1 4
+3 10
-1 2
cfi=(24)
cfn=(86)
calls=2 -8 
* 6
-4 1
+4 1
-4 2
+1 2
+1 2
+3 5
-1 1
cfi=(24)
cfn=(86)
calls=1 -8 
* 3
-5 2

fl=(1) ???
fn=(0) 0x000000000001f540
0 2
cfi=(2)
cfn=(2)
calls=1 517 
0 158175
0 8
cfi=(76)
cfn=(492)
calls=1 331 
0 4

ob=(3)
fl=(153)
fn=(660) 0x000000000488b3f0
0 2
cob=(2)
cfi=(201) ./malloc/./malloc/malloc.c
cfn=(662) malloc
calls=1 3294 
0 1810

fn=(746)
0 2
cob=(2)
cfi=(217) ./stdlib/./stdlib/cxa_finalize.c
cfn=(722) __cxa_finalize
calls=1 30 
0 78

fn=(530) 0x0000000000109000
0 7

fn=(500)
0 7

fn=(584) 0x00000000001090d0
0 2
cob=(2)
cfi=(174) ./stdio-common/./stdio-common/printf.c
cfn=(586) printf
calls=1 28 
0 6696

fn=(602) 0x000000000488b6b0
0 10
cob=(2)
cfi=(179) ./string/../sysdeps/x86_64/multiarch/memmove-vec-unaligned-erms.S
cfn=(604) __memcpy_avx_unaligned_erms
calls=5 255 
0 61

fn=(612) 0x000000000488b500
0 2
cob=(2)
cfi=(183) ./string/../sysdeps/x86_64/multiarch/strlen-avx2.S
cfn=(614) __strlen_avx2
calls=1 52 
0 14

fn=(736)
0 4

fn=(476) 0x000000000488b720
0 40
cob=(1)
cfi=(11)
cfn=(28)
calls=20 387 
0 469

fn=(514) 0x000000000488b660
0 2
cob=(2)
cfi=(159) ./string/../sysdeps/x86_64/multiarch/strrchr-avx2.S
cfn=(516) __strrchr_avx2
calls=1 53 
0 22

fn=(540) 0x000000000488b7b0
0 2
cob=(1)
cfi=(48)
cfn=(542)
calls=1 118 
0 5

fn=(576) 0x00000000001090c0
0 4
cob=(2)
cfi=(172) ./time/../sysdeps/unix/sysv/linux/clock.c
cfn=(578) clock
calls=2 25 
0 72

fn=(596) 0x000000000488b590
0 4
cob=(2)
cfi=(177) ./string/../sysdeps/x86_64/multiarch/strchr-avx2.S
cfn=(598) __strchrnul_avx2
calls=2 53 
0 38

fn=(720) 0x0000000000109090
0 2
cob=(2)
cfi=(217)
cfn=(722)
calls=1 30 
0 78

ob=(1)
fl=(1)
fn=(0)
0 10
cfi=(155)
cfn=(496)
calls=1 81 
0 393

ob=(3)
fl=(153)
fn=(554) 0x00000000001090e0
0 2
cob=(2)
cfi=(169) ./stdlib/./stdlib/random.c
cfn=(556) srand
calls=1 209 
0 6232

ob=(1)
fl=(1)
fn=(0)
0 3
cob=(5)
cfi=(161)
cfn=(522) (below main)
calls=1 0 
0 70280975379

ob=(3)
fl=(153)
fn=(564) 0x00000000001090f0
0 4000000
cob=(2)
cfi=(171) ./stdlib/./stdlib/rand.c
cfn=(566) rand
calls=2000000 26 
0 113935484

fn=(756)
0 4

ob=(2)
fl=(152) ./nptl/./nptl/pthread_mutex_conf.c
fn=(474) __pthread_tunables_init
55 2
+1 2
-1 2
+1 2
-1 4
+1 1
cob=(3)
cfi=(153)
cfn=(476)
calls=1 -56 
* 26
+2 4
cob=(3)
cfi=(153)
cfn=(476)
calls=1 -58 
* 25
+2 4
cob=(3)
cfi=(153)
cfn=(476)
calls=1 -60 
* 26
+2 6

fl=(107)
fn=(340)
30 1
fi=(101) ./wcsmbs/../sysdeps/x86_64/multiarch/ifunc-avx2.h
+10 3
-2 4
fe=(107)
-8 2
fi=(101)
+11 2
+1 3
+3 2
+4 3
+3 5
fe=(107)

fl=(117)
fn=(362)
29 1
fi=(118) ./string/../sysdeps/x86_64/multiarch/ifunc-strcpy.h
+9 2
+1 1
-1 2
+1 2
+3 2
+4 3
+3 3
fe=(117)
-20 1

fl=(149) ./ctype/./ctype/ctype-info.c
fn=(468) __ctype_init
29 1
+2 7
+2 4
+2 4
+1 1

fl=(169)
fn=(556)
209 2
+1 2
-1 4
+1 2
+1 3
cfi=(170) ./stdlib/./stdlib/random_r.c
cfn=(558) srandom_r
calls=1 -49 
* 6212
+1 4
+1 3

fn=(568) random
288 4000000
+3 2000000
-3 10000000
+3 4000000
+2 6000000
cfi=(170)
cfn=(570) random_r
calls=2000000 +61 
* 55935484
+2 8000000
+2 2000000
+1 10000000

fl=(210) ./stdio-common/./stdio-common/Xprintf_buffer_done.c
fn=(698) __printf_buffer_done
25 1
+1 3
+5 2
+2 12
+7 1

fl=(163) ./stdlib/./stdlib/cxa_atexit.c
fn=(526) __cxa_atexit
67 7
-26 2
+2 8
+1 2
cfn=(528) __new_exitfn
calls=1 +36 
* 33
+2 2
+8 1
-2 1
+3 1
+1 1
-4 2
+1 1
+4 4
+1 1
+11 6

fn=(528)
80 1
+6 2
-6 4
+11 2
-10 1
+10 4
+2 4
-2 1
+10 1
-10 3
+45 1
+5 3
-4 1
+4 2
-18 1
-1 1
+12 1

fl=(139)
fn=(432)
31 1
fi=(114) ./string/../sysdeps/x86_64/multiarch/ifunc-strcasecmp.h
+6 2
-1 4
fe=(139)
-5 2
fi=(114)
+7 3
+3 2
+4 3
+3 4
fe=(139)

fl=(221) ./posix/../sysdeps/unix/sysv/linux/_exit.c
fn=(774) _Exit
27 2
+3 2

fl=(159)
fn=(516)
53 1
+1 1
+1 1
+2 1
+1 1
+4 1
+1 1
+1 1
+3 1
+2 1
+1 1
+1 1
+1 1
+3 1
+1 1
+2 1
+1 1
+1 1
+1 1
+1 1
+9 2

fl=(181) ./stdio-common/./stdio-common/printf_fp.c
fn=(636) hack_digit
88 16
+3 4
-3 4
+3 8
+2 4
+2 8
-2 8
+8 8
+21 12
cfi=(189) ./stdlib/../sysdeps/x86_64/mul_1.S
cfn=(628) __mpn_mul_1
calls=4 -91 
* 84
+1 8
+1 15
+4 20
-23 24
cfi=(193) ./stdlib/./stdlib/divrem.c
cfn=(638) __mpn_divrem
calls=4 -59 
* 178
+2 4
-2 4
+2 12
+3 4
-2 4
+2 4
+1 24
+11 4
-4 8

fn=(616) __printf_fp_buffer_1.isra.0
138 18
+21 1
+18 1
+10 1
-28 7
+62 2
1030 11
226 3
+4 7
+36 1
+5 1
-49 1
+44 4
+1 1
+1 2
+3 13
+1 1
-1 1
+1 3
-1 1
+1 2
-1 1
+1 8
+1 1
-1 2
+1 13
+6 1
-6 2
+7 2
+17 1
+4 4
-4 2
+16 2
+11 1
-41 1
+10 1
+31 1
-30 7
+33 3
+41 1
+1 1
-1 1
+1 3
fi=(187) ./stdio-common/../string/bits/string_fortified.h
29 1
cob=(3)
cfi=(153)
cfn=(602)
calls=1 -29 
* 13
fe=(181)
385 7
+18 1
-9 1
+2 2
-2 11
+2 22
-74 24
-4 12
+4 49
-4 1
+4 4
+15 2
-13 4
+53 1
-2 6
cfi=(188) ./stdlib/./stdlib/mul.c
cfn=(626) __mpn_mul
calls=1 48 
* 77
+5 2
+1 2
fi=(187)
29 2
fe=(181)
388 2
fi=(187)
29 1
cob=(3)
cfi=(153)
cfn=(602)
calls=1 -29 
* 13
fe=(181)
389 3
+1 3
+1 1
+3 1
-4 1
-1 1
+1 1
+1 3
+5 2
+1 2
+6 2
+4 1
+4 1
-4 1
+4 3
-4 10
+6 2
665 1
+9 1
-9 1
+9 1
+6 1
-15 1
+9 2
+6 1
-6 2
+2 2
+10 2
+52 2
+8 2
fi=(192) ./stdio-common/../sysdeps/pthread/allocalim.h
27 1
fe=(181)
746 1
fi=(192)
27 1
cfi=(191) ./nptl/./nptl/alloca_cutoff.c
cfn=(632) __libc_alloca_cutoff
calls=1 * 
* 11
+2 2
fe=(181)
759 14
fi=(192)
29 1
fe=(181)
759 3
+4 1
-3 2
+3 2
+3 3
+7 6
+2 2
-4 1
+4 1
+14 2
-2 1
+1 5
+1 1
+1 2
-1 6
+1 14
91 6
792 6
+2 6
91 12
+2 6
+2 12
-2 12
+8 12
+4 36
cfi=(193)
cfn=(638)
calls=6 -59 
* 282
+2 6
+4 6
-6 6
+2 18
+1 6
+2 12
+1 24
+7 6
+4 18
cfi=(189)
cfn=(628)
calls=6 -91 
* 126
+1 12
+1 25
793 5
+1 10
-1 1
+1 2
+1 12
230 6
cfi=(184) ./stdlib/../sysdeps/ieee754/dbl-64/dbl2mpn.c
cfn=(618) __mpn_extract_double
calls=1 33 
* 22
* 4
+4 1
382 3
805 5
+1 3
cfn=(636)
calls=1 88 
* 106
+2 2
-2 1
+2 5
+2 3
-1 1
fi=(194) ./stdio-common/../sysdeps/generic/get-rounding-mode.h
94 1
+1 7
fe=(181)
935 1
-11 3
+7 2
+4 2
+45 5
+3 2
+8 2
-4 1
+4 1
+5 2
-9 4
+9 4
fi=(196) ./stdio-common/../include/printf_buffer.h
163 3
fe=(181)
999 4
+2 3
+5 2
fi=(196)
163 3
fe=(181)
1009 3
+13 4
cfi=(178) ./stdio-common/./stdio-common/Xprintf_buffer_write.c
cfn=(600) __printf_buffer_write
calls=1 27 
* 53
+2 3
+4 3
385 6
cfi=(186) ./stdlib/./stdlib/cmp.c
cfn=(622) __mpn_cmp
calls=2 31 
* 24
* 4
+3 2
fi=(195) ./stdio-common/../include/rounding-mode.h
52 2
fe=(181)
766 3
-78 2
+1 2
+3 3
+2 1
+2 2
+42 2
994 4
+2 2
308 1
-2 1
+2 1
-3 1
+3 4
-3 2
cfi=(185) ./stdlib/../sysdeps/x86_64/lshift.S
cfn=(620) __mpn_lshift
calls=1 28 
* 16
+4 2
-4 1
+4 7
+1 2
+1 7
766 3
+3 2
cfn=(636)
calls=1 88 
* 121
* 4
cfn=(636)
calls=2 88 
* 242
* 3
-3 10
+44 3
+3 2
1003 2
439 2
+3 8
+16 3
+2 1
-2 1
cfi=(190) ./stdlib/../sysdeps/x86_64/rshift.S
cfn=(630) __mpn_rshift
calls=1 28 
* 18
+3 2
-1 1
+1 1
-1 1
+1 3
cfi=(190)
cfn=(630)
calls=1 28 
* 18
+2 6
+14 2
694 8

fn=(608) __printf_fp_l_buffer
1099 12
+3 1
-3 7
+3 2
+13 2
+2 1
-2 1
cob=(3)
cfi=(153)
cfn=(612)
calls=1 0 
* 16
* 2
+1 5
+31 11
-30 2
fi=(182) ./stdio-common/../include/../locale/localeinfo.h
331 2
fe=(181)
1111 1
fi=(182)
331 1
fe=(181)
1112 2
+10 7
cfn=(616)
calls=1 138 
* 2077
+4 1

fl=(86)
fn=(290)
79 1
-31 2
+1 1
-2 4
+2 2
+3 2
+4 3
+3 3
+20 1

fl=(184)
fn=(618)
33 1
+2 1
-2 2
+4 3
+1 5
+9 2
+9 1
-9 1
+9 2
+47 1
+4 1
-4 1
+4 1

fl=(173) ./time/../sysdeps/unix/sysv/linux/clock_gettime.c
fn=(580) clock_gettime@@GLIBC_2.17
30 2
+8 4
+2 4
+28 4
+1 4
-25 4

fl=(215)
fn=(710)
367 1
51 3
+1 2
367 3
57 2
+8 1
-3 1
-23 1
+1 4
+1 1
+29 1
+2 1
369 2
74 2
+6 4
+4 3
+3 2

fl=(198) ./libio/./libio/genops.c
fn=(760) _IO_flush_all
686 5
+5 1
-5 1
+5 1
-5 6
+5 4
cfi=(220) ./nptl/./nptl/libc-cleanup.c
cfn=(762) __libc_cleanup_push_defer
calls=1 24 
* 13
+1 6
-5 1
fi=(208) ./libio/./libio/libioP.h
1025 2
fe=(198)
708 33
+1 3
-14 9
+2 3
+1 27
+2 21
+13 7
+1 2
cfi=(220)
cfn=(764) __libc_cleanup_pop_restore
calls=1 54 
* 9
+4 12
-20 9
-6 2
-5 2
+8 1
-3 1
+3 2

fn=(770) _IO_default_setbuf
452 8
fi=(208)
1025 1
fe=(198)
452 1
+1 1
-1 1
fi=(208)
1025 2
+1 2
fe=(198)
453 2
cfi=(197) ./libio/./libio/fileops.c
cfn=(772) _IO_file_sync@@GLIBC_2.2.5
calls=1 793 
* 21
* 2
+4 1
330 1
462 1
-7 2
332 1
466 1
337 1
-4 1
+4 1
467 1
-1 3
+2 6
-11 1
+1 2
-1 1
330 4

fn=(652) _IO_doallocbuf
343 1
+1 2
-1 7
+3 3
+1 1
fi=(208)
1025 3
+1 2
fe=(198)
347 2
cfi=(199) ./libio/./libio/filedoalloc.c
cfn=(654) _IO_file_doallocate
calls=1 78 
* 1914
* 2
+3 6

fn=(758) _IO_cleanup
842 6
-66 1
+66 6
+1 1
cfn=(760)
calls=1 686 
* 183
-67 2
+67 1
-67 3
cfi=(220)
cfn=(762)
calls=1 24 
* 13
+1 6
fi=(208)
1025 1
fe=(198)
785 1
-1 1
+1 4
-1 2
+1 25
+9 6
+2 4
+4 1
-2 1
+3 1
-3 1
+2 2
+5 1
fi=(208)
1025 2
+1 2
fe=(198)
805 4
cfi=(197)
cfn=(768) _IO_file_setbuf@@GLIBC_2.2.5
calls=1 382 
* 87
+2 3
+9 1
-2 1
+2 2
-2 1
+2 2
+1 3
-37 9
+41 7
+1 2
cfi=(220)
cfn=(764)
calls=1 54 
* 9
+33 12
-78 2
+39 24
-2 1
+2 1
-31 6
+7 7
-15 1
+3 2
-3 1
+3 2

fn=(690) _IO_default_xsputn
371 11
+3 4
fi=(208)
1025 1
fe=(198)
373 2
+26 95
fi=(208)
1025 62
+1 62
fe=(198)
399 124
cfi=(197)
cfn=(650) _IO_file_overflow@@GLIBC_2.2.5
calls=31 732 
* 1321
* 62
+2 31
-2 31
-20 128
-4 1
+29 8

fn=(686) _IO_setb
329 11
+1 4
+5 2
-3 1
+3 2
-2 1
+2 2
+3 6

fl=(128)
fn=(398)
29 1
fi=(109) ./string/../sysdeps/x86_64/multiarch/ifunc-strncpy.h
+6 5
+1 3
+3 2
+4 3
+3 4
fe=(128)
-17 1

fl=(115)
fn=(358)
29 1
fi=(229) ./string/../sysdeps/x86_64/multiarch/ifunc-sse4_2.h
+7 5
fe=(115)
-7 1

fl=(134)
fn=(418)
29 1
fi=(135) ./string/../sysdeps/x86_64/multiarch/ifunc-evex.h
+9 3
-1 4
+2 3
+6 2
-3 2
+9 3
+3 4
fe=(134)
-25 1

fl=(94)
fn=(308)
29 1
fi=(93) ./debug/../sysdeps/x86_64/multiarch/ifunc-memmove.h
+28 3
-1 2
+4 3
+14 2
+3 2
+8 2
+8 2
+3 5
fe=(94)

fl=(154) ./nptl/../sysdeps/unix/sysv/linux/x86/elision-conf.c
fn=(478) __lll_elision_init
92 2
+4 1
-4 2
+4 2
-4 1
+4 1
-4 3
+4 1
cob=(3)
cfi=(153)
cfn=(476)
calls=1 -96 
* 26
+2 4
cob=(3)
cfi=(153)
cfn=(476)
calls=1 -98 
* 26
+2 4
cob=(3)
cfi=(153)
cfn=(476)
calls=1 0 
* 26
+2 4
cob=(3)
cfi=(153)
cfn=(476)
calls=1 0 
* 26
+2 4
cob=(3)
cfi=(153)
cfn=(476)
calls=1 0 
* 26
+3 3
+1 1
+1 6

fl=(193)
fn=(638)
46 140
+3 20
234 90
62 10
+1 10
-16 10
+18 20
+7 57
+1 9
-1 18
+1 18
-1 18
+4 20
+3 10
+2 10

fl=(200) ./io/../sysdeps/unix/sysv/linux/fstat64.c
fn=(658) fstat
30 1
+9 4
+33 1

fl=(100)
fn=(324)
31 2
fi=(101)
+9 6
-2 8
fi=(102) ./wcsmbs/../sysdeps/x86_64/multiarch/wcschr.c
-7 4
fi=(101)
+10 4
+1 6
+3 4
+4 6
+3 10
fe=(100)

fn=(390)
31 1
fi=(97) ./wcsmbs/../sysdeps/x86_64/multiarch/ifunc-wcs.h
+9 3
-1 4
+2 3
+3 2
+4 4
fe=(100)
-17 1

fl=(108)
fn=(344)
31 1
fi=(109)
+4 5
+1 3
+3 2
+4 3
+3 4
fe=(108)
-15 1

fl=(126)
fn=(386)
31 1
fi=(114)
+6 2
-1 4
fe=(126)
-5 2
fi=(114)
+7 3
+3 2
+4 3
+3 4
fe=(126)

fl=(138)
fn=(428)
33 1
fi=(99) ./string/../sysdeps/x86_64/multiarch/ifunc-memmove.h
+24 3
-1 2
+4 3
+14 2
+3 2
+8 2
+8 2
+3 5
fe=(138)

fl=(150) ./resource/../sysdeps/unix/sysv/linux/getrlimit64.c
fn=(470) getrlimit
38 2
+1 7
+1 1

fl=(209) ./io/../sysdeps/unix/sysv/linux/write.c
fn=(696) write
25 1
+1 6
+1 1

fl=(217)
fn=(722)
30 4
+3 4
-3 16
+3 10
+3 8
+4 14
-4 6
+57 8
+4 12
-4 6
+12 4
cfi=(218) ./posix/./posix/register-atfork.c
cfn=(724) __unregister_atfork
calls=2 -23 
* 40
+1 8
+1 16

fl=(148)
fn=(466)
33 9
+2 1
cfi=(149)
cfn=(468)
calls=1 -6 
* 17
+3 1
fi=(151) ./elf/../sysdeps/nptl/pthread_early_init.h
-5 2
fe=(148)
+8 1
-3 1
+3 1
fi=(151)
-8 1
cfi=(150)
cfn=(470)
calls=1 +5 
* 10
* 3
+1 1
+4 5
+7 1
fi=(230) ./elf/../nptl/nptl-stack.h
+16 3
fi=(151)
-16 1
fi=(230)
+16 2
fi=(151)
-7 1
fi=(230)
+7 3
fi=(151)
-9 1
-6 1
+2 2
+4 4
+1 1
+3 1
cfi=(152)
cfn=(474)
calls=1 -1 
* 104
fe=(148)
-9 3
+2 2
-2 1
cfi=(154)
cfn=(478)
calls=1 +45 
* 169

fl=(157)
fn=(510)
46 6
+5 2
+4 5
+8 1
-2 1
+10 1
-9 1
+1 1
+9 3
-1 1
cfi=(158) ./misc/./misc/init-misc.c
cfn=(512) __init_misc
calls=1 -41 
* 50

fl=(160)
fn=(518)
545 1
+1 4
+1 3
+1 3
+2 1

fl=(191)
fn=(632)
27 1
+1 9
+7 1

fl=(113)
fn=(354)
31 1
fi=(114)
+6 2
-1 4
fe=(113)
-5 2
fi=(114)
+7 3
+3 2
+4 3
+3 4
fe=(113)

fl=(129)
fn=(402)
29 1
fi=(130) ./wcsmbs/../sysdeps/x86_64/multiarch/ifunc-memcmp.h
+5 5
+1 2
+1 2
+1 3
+3 2
+4 3
+3 4
fe=(129)
-18 2

fl=(137)
fn=(424)
31 1
fi=(97)
+9 3
-1 4
+2 3
+3 2
+4 4
fi=(231) ./wcsmbs/../sysdeps/x86_64/multiarch/wcpncpy.c
-17 1
fe=(137)

fl=(110)
fn=(348)
31 2
fi=(111) ./wcsmbs/../sysdeps/x86_64/multiarch/ifunc-evex.h
+7 6
-1 8
+2 6
+6 4
-3 4
+9 6
+3 8
fe=(110)
-23 2

fl=(178)
fn=(600)
27 3
+1 9
-1 21
+4 12
+2 6
+3 3
fi=(187)
-7 3
fe=(178)
+8 6
fi=(187)
-8 3
fe=(178)
+12 3
fi=(187)
-12 3
cob=(3)
cfi=(153)
cfn=(602)
calls=3 -29 
* 45
fe=(178)
+11 9
-9 6
+2 9
+11 18

fl=(205) ./misc/./misc/sbrk.c
fn=(678) sbrk
37 16
+3 2
+3 2
-3 2
+3 2
+35 7
-20 4
+4 4
+4 4
+8 1
cfi=(206) ./misc/../sysdeps/unix/sysv/linux/brk.c
cfn=(680) brk
calls=1 -38 
* 9
* 2
+4 7
-19 2
cfi=(206)
cfn=(680)
calls=1 -23 
* 9
* 2
+4 2

fl=(188)
fn=(626)
48 17
+6 2
+12 2
+76 11
-71 1
+1 2
+69 1
-60 2
cfi=(189)
cfn=(628)
calls=1 -50 
* 33
* 2
+2 1
+1 1
+4 2

fl=(95)
fn=(312)
29 1
fi=(84) ./string/../sysdeps/x86_64/multiarch/ifunc-avx2.h
+11 3
-2 4
fe=(95)
-9 2
fi=(84)
+12 2
+1 3
+3 2
+4 3
+3 5
fe=(95)

fl=(158)
fn=(512)
30 1
+1 2
-1 4
+1 4
+2 3
cob=(3)
cfi=(153)
cfn=(514)
calls=1 -33 
* 24
+4 5
+1 3
+2 4

fl=(172)
fn=(578)
25 4
+6 2
-6 10
+6 4
cfi=(173)
cfn=(580)
calls=2 -1 
* 22
* 4
+4 2
-1 2
+1 12
+1 10

fl=(176) ./stdio-common/./stdio-common/printf_buffer_to_file.c
fn=(590) __printf_buffer_to_file_init
108 1
+1 1
fi=(196)
+18 1
fe=(176)
-18 1
fi=(196)
+28 1
-9 1
+9 1
-13 1
fe=(176)
-13 1
fi=(196)
+13 1
fe=(176)
-12 1
cfn=(592) __printf_buffer_to_file_switch
calls=1 -83 
* 13

fn=(592)
29 2
+1 10
+10 2
+1 2
+3 8
+1 2

fn=(646) __printf_buffer_to_file_done
117 1
+1 3
-1 1
-64 1
+64 6
-66 4
+2 3
+69 1
-1 1
+1 4
-1 1
cfi=(210)
cfn=(698)
calls=1 -96 
* 19
-56 2
cfn=(592)
calls=1 -36 
* 13
+1 1
-8 1
+1 1
fi=(232) ./stdio-common/../libio/libioP.h
1025 1
fe=(176)
58 1
+1 1
-1 1
fi=(232)
1025 2
+1 2
fe=(176)
59 2
cfi=(197)
cfn=(648) _IO_file_xsputn@@GLIBC_2.2.5
calls=1 1198 
* 4012
* 2

fl=(220)
fn=(762)
24 2
+1 2
+2 4
+2 4
+3 4
+14 6
+2 2
+1 2

fn=(764)
54 2
+1 2
+2 4
+2 2
+1 6
+11 2

fl=(170)
fn=(570)
354 2000000
+3 8000000
+5 2000000
-2 2000000
+2 4000000
+8 2000000
+1 2000000
+1 2000000
+3 4000000
+3 2000000
+4 2000000
-7 2000000
+2 4000000
+2 4000000
+8 3870968
-9 1935484
+12 1935484
+3 1935484
-2 1935484
+7 1935484
-8 64516
+3 64516
-2 64516
+7 64516
-10 129032

fn=(558)
162 2
+8 2
+2 1
+1 2
+7 2
-4 1
+4 2
+1 2
+5 1
+1 3
-3 3
+8 8
+2 1
-1 2
+1 2
+2 3
+1 2
-10 2
+5 232
+2 29
-1 58
+1 58
+2 87
+1 58
-10 58
+13 4
+2 1
-2 1
+3 1
-3 1
+3 1
362 930
+9 310
-1 310
+2 310
+3 620
+3 310
+4 310
-3 620
+9 600
+2 300
+1 300
203 600
390 10
+1 10
203 20
+7 2
381 20

fl=(87)
fn=(292)
30 1
fi=(88) ./wcsmbs/../sysdeps/x86_64/multiarch/ifunc-wcslen.h
+11 2
-1 4
+2 3
+3 2
+4 3
+3 3
fe=(87)
-22 1

fl=(131)
fn=(406)
29 1
fi=(93)
+28 3
-1 2
+4 3
+14 2
+3 2
+8 2
+8 2
+3 5
fe=(131)

fl=(214)
fn=(708)
77 1
+3 3
+2 1
+2 2
-7 4
+11 2
+91 1
+3 1
+2 1
+3 1
-63 1
+66 3
-93 2
+11 4
+4 1
+3 2
-71 1
+1 7
+1 1
+84 3
+1 2

fl=(98)
fn=(320)
29 1
fi=(99)
+28 3
-1 2
+4 3
+14 2
+3 2
+8 2
+8 2
+3 5
fe=(98)

fl=(164) ./csu/../sysdeps/nptl/libc_start_call_main.h
fn=(544) (below main)
29 4
+15 1
-15 5
+15 1
cfi=(165) ./setjmp/../sysdeps/x86_64/bsd-_setjmp.S
cfn=(546) _setjmp
calls=1 -16 
* 38
* 1
+2 2
+5 2
+1 2
+3 2
+3 6
cob=(5)
cfi=(168) /home/uon-liaquat/workspace/zerograd/matmul.c
cfn=(552) main
calls=1 -39 
* 70280973580
+16 2
cfi=(211) ./stdlib/./stdlib/exit.c
cfn=(700) exit
calls=1 +63 
* 1551

fl=(96)
fn=(316)
31 1
fi=(97)
+9 3
-1 4
+2 3
+3 2
+4 4
fe=(96)
-17 1

fl=(119)
fn=(366)
31 1
fi=(114)
+6 2
-1 4
fe=(119)
-5 2
fi=(114)
+7 3
+3 2
+4 3
+3 4
fe=(119)

fl=(121)
fn=(374)
29 1
fi=(122) ./string/../sysdeps/x86_64/multiarch/ifunc-memcmp.h
+5 5
+1 2
+1 2
+1 3
+3 2
+4 3
+3 4
fe=(121)
-18 2

fl=(197)
fn=(648)
1198 7
+7 1
-7 2
+6 4
+9 2
-2 4
+17 3
+40 9
-68 1
+44 1
fi=(208)
1025 3
+1 2
fe=(197)
1244 3
cfn=(650)
calls=1 732 
* 2006
* 2
+6 2
+1 5
+2 3
+11 2
+1 4
cfi=(198)
cfn=(690)
calls=1 371 
* 1943
+2 3

fn=(688) _IO_do_write@@GLIBC_2.2.5
424 2
+2 6
+1 1
-3 3
fi=(208)
1025 1
fe=(197)
424 8
+20 1
-10 2
+7 4
fi=(208)
1025 2
+1 2
fe=(197)
449 4
cfn=(694) _IO_file_write@@GLIBC_2.2.5
calls=1 1174 
* 46
* 1
+1 3
+2 1
+4 2
-3 2
-1 2
+4 2
-30 2
+28 1
-28 2
+1 8
+28 2

fn=(656) _IO_file_stat
1147 1
+1 2
cfi=(200)
cfn=(658)
calls=1 30 
* 6

fn=(768)
382 6
+1 1
cfi=(198)
cfn=(770)
calls=1 +69 
* 69
* 2
+3 1
+4 2
-2 3
+3 3

fn=(772)
793 7
+5 4
+2 1
+1 2
+11 2
+4 5

fn=(694)
1174 8
+2 4
-1 2
+6 1
cfi=(209)
cfn=(696)
calls=1 25 
* 8
+1 2
+5 1
+1 1
-12 2
+4 3
+1 2
+10 3
+3 6
-4 3

fn=(650)
732 256
+1 128
+7 158
+37 31
-2 62
+3 62
+3 93
+1 93
+1 124
+4 31
+1 186
-45 2
+12 2
+9 3
+5 3
+2 2
-5 1
+5 1
+1 1
-5 1
+1 1
+4 2
-7 1
+10 2
+13 1
-12 1
+1 1
+11 4
-12 1
cfn=(688)
calls=1 424 
* 5
+9 2
-1 1
+1 1
-1 1
cfn=(688)
calls=1 424 
* 105
* 2
-12 2
+1 2
-28 2
cfi=(198)
cfn=(652)
calls=1 343 
* 1943
+1 1
+9 1
-9 5

fl=(185)
fn=(620)
28 1
+1 1
+1 1
+2 1
+1 1
+1 1
+12 1
+1 1
+1 1
+1 1
+1 1
+1 1
+1 1
+6 1
+1 1
+1 1

fl=(204) ./malloc/./malloc/morecore.c
fn=(676) __glibc_morecore
25 2
+1 4
-1 4
+4 2
cfi=(205)
cfn=(678)
calls=2 +8 
* 77
+1 4
+4 4

fl=(206)
fn=(680)
36 2
fi=(233) ./misc/../sysdeps/unix/sysv/linux/brk_call.h
-12 4
fe=(206)
+13 4
+1 4
+6 2
+1 2

fl=(183)
fn=(614)
52 1
+13 1
+1 1
+1 1
+3 1
+2 1
+1 1
+3 1
+1 1
+8 1
+1 1
+1 1
+5 2

fl=(179)
fn=(604)
255 5
+1 5
+6 5
+1 5
+42 5
+1 5
+2 3
+1 3
+33 2
+1 2
+1 2
+1 2
+2 2
+17 3
+1 3
+1 3
+1 3
+1 3

fl=(186)
fn=(622)
31 2
+4 4
+2 2
+1 2
+1 4
+8 10

fl=(91)
fn=(300)
29 1
fi=(88)
+12 2
-1 4
+2 3
+3 2
+4 3
+3 3
fe=(91)
-23 1

fl=(162) ./csu/../csu/libc-start.c
fn=(524) __libc_start_main@@GLIBC_2.34
242 13
+69 3
+1 3
cfi=(163)
cfn=(526)
calls=1 67 
* 72
+25 6
+6 2
-3 2
+10 2
cob=(3)
cfi=(153)
cfn=(540)
calls=1 0 
* 7
+2 2
+8 4
cfi=(164)
cfn=(544)
calls=1 29 
* 70280975197
128 2
+6 3
+1 6
cob=(3)
cfi=(153)
cfn=(530)
calls=1 0 
* 7
* 1
+3 1
+1 2
+3 2
+1 2
-1 1
+2 7
+1 4
cob=(5)
cfi=(161)
cfn=(534) 0x00000000000011e0
calls=1 0 
* 12
-1 4

fl=(132)
fn=(410)
33 1
fi=(118)
+5 2
+1 1
-1 2
+1 2
+3 2
+4 3
+3 3
fe=(132)
-16 1

fl=(123)
fn=(378)
31 2
fi=(124) ./wcsmbs/../sysdeps/x86_64/multiarch/ifunc-wmemset.h
+5 10
+1 6
fe=(123)
-6 2

fl=(165)
fn=(546)
28 1
+2 1
+2 1
cfi=(166) ./setjmp/../sysdeps/x86_64/setjmp.S
cfn=(548) __sigsetjmp
calls=1 -1 
* 35

fl=(120)
fn=(370)
31 1
fi=(84)
+9 3
-2 4
fe=(120)
-7 2
fi=(84)
+10 2
+1 3
+3 2
+4 3
+3 5
fe=(120)

fl=(174)
fn=(586)
28 22
+4 1
+1 2
-1 1
+1 1
-1 2
+1 1
-1 2
+1 3
cfi=(175) ./stdio-common/./stdio-common/vfprintf-internal.c
cfn=(588) __vfprintf_internal
calls=1 1522 
* 6656
+4 5

fl=(201)
fn=(682) alloc_perturb
1985 6
+2 2

fn=(662)
3294 8
+7 2
1345 5
3311 2
+2 4
+13 2
+28 6
3248 4
cfn=(672) tcache_init.part.0
calls=1 -6 
* 473
+68 2
+1 4
+1 3
+10 4
cfn=(674) _int_malloc
calls=1 3846 
* 130
+1 5
fi=(202) ./malloc/./malloc/arena.c
153 2
264 1
cfn=(666) ptmalloc_init.part.0
calls=1 -2 
* 1151
fe=(201)
1326 2

fn=(674)
3846 22
1326 4
+19 12
3887 4
1794 2
3914 4
+63 4
+62 5
+1 3
+20 2
-1 2
-1 2
+1 4
+1 4
-2 2
+12 10
-90 1
+2 1
-2 1
+2 2
4487 24
4257 6
+2 3
+3 1
-3 1
+3 2
+1 2
+71 6
-4 2
+1 2
+1 2
-1 2
+1 2
+1 4
+1 6
+5 8
+4 6
+3 8
-3 6
+3 4
-3 3
4443 2
+1 4
+2 4
+3 6
+17 4
4070 1
-91 6
2552 1
+12 1
-12 5
+12 1
4460 6
cfn=(682)
calls=2 1985 
* 8
+1 2
-9 2
+2 2
-1 1
+1 1
-3 1
+3 1
+2 1
-2 4
+2 1
+3 2
2553 1
+36 3
+1 1
-1 1
+1 1
+9 4
+9 3
2921 3
+1 1
+4 1
+4 5
+5 1
-2 1
+5 1
-3 2
-3 1
+2 1
+1 1
+1 1
-1 3
+1 1
4482 1
2669 3
+8 2
+1 3
+13 1
+2 1
-2 2
+8 5
+8 2
+48 4
+40 3
+19 2
+3 2
+1 6
+2 1
+1 5
cfi=(204)
cfn=(676)
calls=1 25 
* 33
+12 4
-12 1
+12 1
2008 4
3882 1
2873 1
+3 1
-1 1
+1 4
+12 1
-11 1
+11 2
2783 1
-1 2
2017 2
2745 1
+1 1
+6 3
-6 1
+6 3
-43 3
cfi=(204)
cfn=(676)
calls=1 25 
* 64
+1 2
-1 1
+1 1
2008 1
2711 1
2008 3
2712 1
+3 2
+29 3

fn=(672)
3242 4
+9 8
+1 3
cfn=(674)
calls=1 3846 
* 359
+1 2
+8 4
+9 1
fi=(207) ./malloc/../string/bits/string_fortified.h
59 2
fe=(201)
3270 1
fi=(207)
59 86
fe=(201)
3274 3

fl=(112)
fn=(352)
67 1
-23 2
-1 4
+24 2
-22 3
+3 2
+4 3
+3 4

fl=(81)
fn=(280)
86 1
fi=(82) ./string/../sysdeps/x86/cacheinfo.h
-27 1
+3 3
+2 1
+1 1
-1 2
+7 3
+2 1
+1 1
-1 2
+5 2
+2 2
+1 2
+1 2
+2 2
+2 2
fe=(81)

fl=(133)
fn=(414)
29 1
fi=(99)
+28 3
-1 2
+4 3
+14 2
+3 2
+8 2
+8 2
+3 5
fe=(133)

fl=(85)
fn=(288)
29 1
fi=(229)
+7 5
fe=(85)
-7 1

fl=(211)
fn=(700)
137 2
+1 3
-1 1
+1 1
cfn=(702) __run_exit_handlers
calls=1 38 
* 1544

fn=(702)
38 12
+2 2
+3 5
+11 2
+2 2
+38 2
-30 6
+2 1
+1 1
-1 1
+3 7
+44 3
+13 1
-66 1
+66 3
+2 2
+3 2
cfi=(221)
cfn=(774)
calls=1 27 
* 4
-29 1
+1 1
-2 1
+3 1
+3 1
-3 2
+3 3
+1 3
cob=(1)
cfi=(213)
cfn=(706)
calls=1 -82 
* 981
+1 4
+10 3
+1 2
-79 1
cfi=(212) ./stdlib/./stdlib/cxa_thread_atexit_impl.c
cfn=(704) __call_tls_dtors
calls=1 148 
* 13
* 1
+88 1
cfi=(198)
cfn=(758)
calls=1 842 
* 467
* 1

fl=(175)
fn=(594) __printf_buffer
600 12
fi=(180) ./stdio-common/./stdio-common/printf-parse.h
82 1
fe=(175)
600 2
fi=(180)
82 1
fe=(175)
600 1
+27 3
+11 1
-11 1
+11 1
-11 1
+11 2
fi=(180)
82 1
cob=(3)
cfi=(153)
cfn=(596)
calls=1 -82 
* 21
fe=(175)
653 2
+1 1
fi=(180)
82 2
fe=(175)
654 1
-1 1
cfi=(178)
cfn=(600)
calls=1 27 
* 53
+2 3
+4 2
+4 8
-32 1
973 1
642 1
973 2
634 1
+71 4
1044 11
705 2
-13 1
+7 1
+6 2
-14 1
-4 1
+18 1
-10 1
+10 1
-7 1
-4 1
+11 2
-19 1
-1 1
+20 1
-12 1
-9 1
-1 1
+22 1
-15 2
891 2
+82 2
+3 34
+20 11
+1 1
263 1
+1 1
997 1
744 1
264 2
744 1
263 2
1024 1
fi=(180)
82 1
fe=(175)
1018 1
fi=(180)
82 2
cob=(3)
cfi=(153)
cfn=(596)
calls=1 -82 
* 21
fe=(175)
1028 2
+1 1
fi=(180)
82 1
fe=(175)
1029 1
-1 1
cfi=(178)
cfn=(600)
calls=1 27 
* 53
+3 2
709 1
814 1
-1 1
+1 2
+26 3
+15 13
266 1
cfi=(181)
cfn=(608)
calls=1 1099 
* 2153
1001 1
fi=(180)
55 1
+10 2
-10 5
fe=(175)

fn=(588)
1522 13
+3 6
+4 5
+11 2
+27 11
-24 4
cfi=(176)
cfn=(590)
calls=1 108 
* 24
+1 5
cfn=(594)
calls=1 600 
* 2496
+1 2
cfi=(176)
cfn=(646)
calls=1 117 
* 4087
* 1

fl=(189)
fn=(628)
31 11
+1 11
+3 11
+1 11
+1 11
+1 11
+1 11
+2 11
+1 11
+2 11
+1 11
+1 11
+1 11
+1 10
+2 10
+1 10
+1 10
+1 10
+26 1
+1 1
+1 1
+1 1
+1 1
+1 1
+1 1
+1 1
+1 1
+26 1
+1 1
+1 1
+2 1
+1 1
+1 1
+1 1
+1 1
+1 1
+2 1
+3 1
-5 10
+2 10
+3 10

fl=(103)
fn=(330)
65 1
-22 2
+1 1
-2 4
+2 2
+3 2
+4 3
+3 3
+11 1

fl=(89)
fn=(296)
29 1
fi=(90) ./string/../sysdeps/x86_64/multiarch/ifunc-memset.h
+25 5
+3 3
+7 2
+9 2
+2 2
+10 2
+8 2
+3 5
fe=(89)

fl=(104)
fn=(332)
29 1
fi=(105) ./debug/../sysdeps/x86_64/multiarch/ifunc-memset.h
+25 5
+3 3
+7 2
+9 2
+2 2
+10 2
+8 2
+3 5
fe=(104)

fl=(212)
fn=(704)
148 4
+1 1
-1 1
+1 3
+16 4

fl=(125)
fn=(382)
29 1
fi=(118)
+9 2
+1 1
-1 2
+1 2
+3 2
+4 3
+3 3
fe=(125)
-20 1

fl=(202)
fn=(666)
262 1
fi=(203) ./malloc/../sysdeps/unix/sysv/linux/not-cancel.h
97 3
fe=(202)
262 7
+5 1
fi=(203)
97 3
fi=(201)
3143 2
fe=(202)
292 2
+4 3
fi=(201)
1946 4
+3 1
-3 1
+3 2
-3 2
+3 126
-3 126
+3 252
-3 252
+11 1
fe=(202)
300 3
fi=(201)
1958 1
+2 1
fe=(202)
300 1
cob=(3)
cfi=(153)
cfn=(476)
calls=1 0 
* 25
+1 4
cob=(3)
cfi=(153)
cfn=(476)
calls=1 0 
* 26
+1 4
cob=(3)
cfi=(153)
cfn=(476)
calls=1 0 
* 25
+1 4
cob=(3)
cfi=(153)
cfn=(476)
calls=1 0 
* 25
+1 4
cob=(3)
cfi=(153)
cfn=(476)
calls=1 0 
* 26
+1 4
cob=(3)
cfi=(153)
cfn=(476)
calls=1 0 
* 25
+1 4
cob=(3)
cfi=(153)
cfn=(476)
calls=1 0 
* 25
+2 4
cob=(3)
cfi=(153)
cfn=(476)
calls=1 0 
* 25
+1 4
cob=(3)
cfi=(153)
cfn=(476)
calls=1 0 
* 25
+1 4
cob=(3)
cfi=(153)
cfn=(476)
calls=1 0 
* 25
+3 4
cob=(3)
cfi=(153)
cfn=(476)
calls=1 0 
* 25
+1 4
cob=(3)
cfi=(153)
cfn=(476)
calls=1 0 
* 25
+2 2
+10 8

fl=(83)
fn=(284)
31 2
fi=(84)
+9 6
-2 8
fe=(83)
-7 4
fi=(84)
+10 4
+1 6
+3 4
+4 6
+3 10
fe=(83)

fl=(190)
fn=(630)
28 2
+1 2
+1 2
+1 2
+13 2
+1 2
+16 2
+1 2
+1 2
+1 2
+1 2
+1 2
+1 2
+5 2
+1 2
+1 2
+1 2
+1 2

fl=(218)
fn=(724)
82 4
+1 4
-1 8
+1 4
fi=(219) ./posix/../malloc/dynarray-skeleton.c
243 2
fe=(218)
71 4
+38 8
+1 6

fl=(106)
fn=(336)
28 1
fi=(84)
+12 3
-2 4
fe=(106)
-10 2
fi=(84)
+13 2
+1 3
+3 2
+4 3
+3 5
fe=(106)

fl=(116)
fn=(360)
60 1
-17 2
-1 4
+2 3
+2 2
+4 3
+10 1

fl=(136)
fn=(422)
29 1
fi=(229)
+7 5
fe=(136)
-7 1

fl=(167) ./setjmp/./setjmp/sigjmp.c
fn=(550) __sigjmp_save
28 6
+2 2
-1 1
+5 4

fl=(177)
fn=(598)
53 2
+2 2
+1 2
+1 2
+1 2
+1 2
+3 2
+1 2
+4 2
+1 2
+1 2
+1 2
+1 2
+1 2
+1 2
+1 2
+13 2
+2 4

fl=(171)
fn=(566)
26 6000000
+1 2000000
cfi=(169)
cfn=(568)
calls=2000000 288 
* 101935484
+1 4000000

fl=(199)
fn=(654)
78 11
+6 4
fi=(208)
1025 3
+1 2
fe=(199)
84 3
cfi=(197)
cfn=(656)
calls=1 1147 
* 9
* 2
+2 4
+11 4
+4 2
cob=(3)
cfi=(153)
cfn=(660)
calls=1 0 
* 1812
* 1
+1 2
+2 4
cfi=(198)
cfn=(686)
calls=1 329 
* 29
+1 1
+1 9
-15 1
fi=(234) ./libio/../include/sys/sysmacros.h
-44 6
fe=(199)
+44 1
-2 2
+5 2

fl=(127)
fn=(394)
29 1
fi=(84)
+11 3
-2 4
fe=(127)
-9 2
fi=(84)
+12 2
+1 3
+3 2
+4 3
+3 5
fe=(127)

fl=(166)
fn=(548)
31 1
+2 1
+9 1
+1 2
+1 1
+4 1
+1 1
+1 1
+1 1
+1 1
+2 2
+2 1
+1 1
+1 1
+2 2
+2 1
+5 1
+1 1
+17 1
cfi=(167)
cfn=(550)
calls=1 -57 
* 13

fl=(92)
fn=(304)
29 1
fi=(93)
+28 3
-1 2
+4 3
+14 2
+3 2
+8 2
+8 2
+3 5
fe=(92)

ob=(5)
fl=(168)
fn=(562) generate_rand_val
34 12000000
+1 2000000
cob=(3)
cfi=(153)
cfn=(564)
calls=2000000 -35 
* 117935484
* 18000000
+1 4000000

fn=(574) matmul_1
66 7
+1 1
cob=(3)
cfi=(153)
cfn=(576)
calls=1 -67 
* 38
* 1
+1 2
+1 2000
+1 2000000
+1 2000000
+1 9000000000
cfn=(582) get_element
calls=1000000000 -34 
* 20000000000
* 2000000000
+1 9000000000
cfn=(582)
calls=1000000000 -35 
* 20000000000
* 2000000000
+1 5000000000
-3 3002000000
+5 11000000
cfn=(572) put_element
calls=1000000 -34 
* 23000000
-7 3002000
-1 3002
+11 1
cob=(3)
cfi=(153)
cfn=(576)
calls=1 -79 
* 38
* 1
+1 7
+1 6
cob=(3)
cfi=(153)
cfn=(584)
calls=1 -81 
* 6698
+1 3

fn=(582)
38 16000000000
+1 20000000000
+1 4000000000

fn=(552)
19 3
+1 2
cob=(3)
cfi=(153)
cfn=(554)
calls=1 -20 
* 6234
+6 5
cfn=(560) init_mat
calls=1 +20 
* 118976758
+1 5
cfn=(560)
calls=1 +19 
* 118976758
+1 7
cfn=(574)
calls=1 +38 
* 70043013805
+3 1
+1 2

fn=(560)
46 14
+1 4
+1 4000
+1 8000000
cfn=(562)
calls=2000000 -15 
* 153935484
* 4000000
+1 18000000
cfn=(572)
calls=2000000 -8 
* 46000000
-2 8006000
-1 8006
+6 8

fn=(572)
42 27000000
+1 33000000
+1 9000000

fl=(161)
fn=(522)
0 12
cob=(2)
cfi=(162)
cfn=(524)
calls=1 242 
0 70280975367

fn=(534)
0 12

fn=(714)
0 9
cob=(3)
cfi=(153)
cfn=(720)
calls=1 0 
0 80
0 1
cfn=(730) 0x0000000000001130
calls=1 0 
0 5
0 3

fn=(730)
0 5

totals: 70281133974
